# category: automatic
# problem: 7
500
2
0
1
2
3
4
5
6
7
8
9
10
11
12
13
14
15
16
17
18
19
20
21
22
23
24
25
26
27
28
29
30
31
32
33
34
35
36
37
38
39
40
41
42
43
44
45
46
47
48
49
50
51
52
53
54
55
56
57
58
59
60
61
62
63
64
65
66
67
68
69
70
71
72
73
74
75
76
77
78
79
80
81
82
83
84
85
86
87
88
89
90
91
92
93
94
95
96
97
98
99
100
101
102
103
104
105
106
107
108
109
110
111
112
113
114
115
116
117
118
119
120
121
122
123
124
125
126
127
128
129
130
131
132
133
134
135
136
137
138
139
140
141
142
143
144
145
146
147
148
149
150
151
152
153
154
155
156
157
158
159
160
161
162
163
164
165
166
167
168
169
170
171
172
173
174
175
176
177
178
179
180
181
182
183
184
185
186
187
188
189
190
191
192
193
194
195
196
197
198
199
200
201
202
203
204
205
206
207
208
209
210
211
212
213
214
215
216
217
218
219
220
221
222
223
224
225
226
227
228
229
230
231
232
233
234
235
236
237
238
239
240
241
242
243
244
245
246
247
248
249
250
251
252
253
254
255
256
257
258
259
260
261
262
263
264
265
266
267
268
269
270
271
272
273
274
275
276
277
278
279
280
281
282
283
284
285
286
287
288
289
290
291
292
293
294
295
296
297
298
299
300
301
302
303
304
305
306
307
308
309
310
311
312
313
314
315
316
317
318
319
320
321
322
323
324
325
326
327
328
329
330
331
332
333
334
335
336
337
338
339
340
341
342
343
344
345
346
347
348
349
350
351
352
353
354
355
356
357
358
359
360
361
362
363
364
365
366
367
368
369
370
371
372
373
374
375
376
377
378
379
380
381
382
383
384
385
386
387
388
389
390
391
392
393
394
395
396
397
398
399
400
401
402
403
404
405
406
407
408
409
410
411
412
413
414
415
416
417
418
419
420
421
422
423
424
425
426
427
428
429
430
431
432
433
434
435
436
437
438
439
440
441
442
443
444
445
446
447
448
449
450
451
452
453
454
455
456
457
458
459
460
461
462
463
464
465
466
467
468
469
470
471
472
473
474
475
476
477
478
479
480
481
482
483
484
485
486
487
488
489
490
491
492
493
494
495
496
497
498
499
199 299 [0]
8 395 [0]
476 162 [0]
312 206 [0]
305 337 [0]
6 3 [0]
468 4 [0]
395 354 [0]
287 14 [0]
88 286 [0]
485 375 [0]
1 93 [0]
149 8 [0]
8 53 [0]
115 332 [0]
6 89 [0]
481 233 [0]
2 11 [0]
63 92 [0]
36 199 [0]
0 149 [0]
461 355 [0]
355 303 [0]
115 408 [0]
239 25 [0]
16 126 [0]
127 386 [0]
178 269 [0]
85 66 [0]
117 189 [0]
257 27 [0]
110 309 [0]
137 135 [0]
7 22 [0]
383 390 [0]
125 263 [0]
325 415 [0]
44 16 [0]
54 303 [0]
41 95 [0]
95 285 [0]
284 147 [0]
394 82 [0]
133 50 [0]
469 70 [0]
117 30 [0]
30 242 [0]
18 359 [0]
374 32 [0]
80 10 [0]
485 202 [0]
155 34 [0]
285 400 [0]
86 451 [0]
93 36 [0]
36 1 [0]
1 375 [0]
27 65 [0]
48 483 [0]
5 339 [0]
9 167 [0]
201 35 [0]
35 377 [0]
241 42 [0]
42 439 [0]
45 43 [0]
240 431 [0]
398 15 [0]
371 109 [0]
122 111 [0]
467 100 [0]
101 47 [0]
47 48 [0]
48 281 [0]
388 49 [0]
469 50 [0]
50 75 [0]
29 345 [0]
157 52 [0]
52 441 [0]
443 59 [0]
16 54 [0]
54 44 [0]
44 399 [0]
53 163 [0]
59 131 [0]
69 159 [0]
53 58 [0]
58 56 [0]
163 474 [0]
219 193 [0]
193 119 [0]
118 243 [0]
299 279 [0]
106 298 [0]
7 369 [0]
47 239 [0]
64 101 [0]
38 123 [0]
363 66 [0]
326 441 [0]
19 189 [0]
188 475 [0]
380 422 [0]
131 69 [0]
75 70 [0]
70 121 [0]
453 433 [0]
369 229 [0]
328 12 [0]
12 73 [0]
51 74 [0]
121 29 [0]
29 75 [0]
313 449 [0]
449 28 [0]
81 133 [0]
435 331 [0]
127 216 [0]
434 373 [0]
76 80 [0]
448 28 [0]
28 83 [0]
77 82 [0]
132 446 [0]
275 83 [0]
237 84 [0]
119 243 [0]
420 85 [0]
9 352 [0]
86 167 [0]
335 128 [0]
161 88 [0]
88 481 [0]
160 89 [0]
140 260 [0]
90 102 [0]
183 91 [0]
12 368 [0]
92 73 [0]
73 93 [0]
39 317 [0]
316 26 [0]
99 136 [0]
51 345 [0]
96 452 [0]
433 184 [0]
114 98 [0]
256 487 [0]
197 99 [0]
123 100 [0]
100 38 [0]
38 238 [0]
236 255 [0]
145 259 [0]
164 143 [0]
205 138 [0]
371 221 [0]
220 270 [0]
279 106 [0]
106 493 [0]
277 444 [0]
45 108 [0]
108 79 [0]
413 321 [0]
365 489 [0]
489 147 [0]
466 111 [0]
103 112 [0]
142 31 [0]
366 182 [0]
94 338 [0]
114 39 [0]
39 115 [0]
52 181 [0]
180 17 [0]
157 117 [0]
237 118 [0]
118 84 [0]
84 119 [0]
300 283 [0]
283 301 [0]
301 121 [0]
482 122 [0]
122 65 [0]
65 123 [0]
72 172 [0]
124 343 [0]
194 134 [0]
435 330 [0]
126 78 [0]
331 127 [0]
87 166 [0]
465 110 [0]
110 252 [0]
381 130 [0]
475 245 [0]
423 131 [0]
82 215 [0]
215 77 [0]
77 170 [0]
445 209 [0]
209 23 [0]
437 376 [0]
95 136 [0]
136 41 [0]
41 377 [0]
370 138 [0]
324 109 [0]
109 372 [0]
112 311 [0]
311 31 [0]
31 165 [0]
112 142 [0]
142 103 [0]
103 153 [0]
176 211 [0]
429 177 [0]
177 255 [0]
111 467 [0]
146 46 [0]
46 147 [0]
69 463 [0]
148 273 [0]
272 198 [0]
391 405 [0]
150 62 [0]
62 323 [0]
141 152 [0]
165 143 [0]
222 153 [0]
129 154 [0]
488 364 [0]
365 155 [0]
251 156 [0]
181 319 [0]
319 157 [0]
462 477 [0]
235 360 [0]
361 159 [0]
33 203 [0]
480 411 [0]
384 161 [0]
58 162 [0]
162 56 [0]
56 163 [0]
378 223 [0]
223 367 [0]
367 165 [0]
465 166 [0]
200 497 [0]
335 167 [0]
174 168 [0]
473 175 [0]
327 231 [0]
133 170 [0]
170 81 [0]
81 292 [0]
229 172 [0]
304 228 [0]
342 329 [0]
66 362 [0]
174 116 [0]
363 327 [0]
219 176 [0]
176 218 [0]
102 210 [0]
438 178 [0]
268 241 [0]
341 179 [0]
250 318 [0]
180 230 [0]
156 181 [0]
254 182 [0]
182 18 [0]
226 183 [0]
161 184 [0]
184 97 [0]
97 385 [0]
423 186 [0]
244 68 [0]
213 187 [0]
59 188 [0]
188 443 [0]
67 440 [0]
104 190 [0]
190 221 [0]
24 415 [0]
178 192 [0]
192 60 [0]
269 193 [0]
329 457 [0]
456 107 [0]
107 195 [0]
94 397 [0]
317 26 [0]
26 487 [0]
149 198 [0]
198 0 [0]
0 199 [0]
166 496 [0]
200 87 [0]
87 309 [0]
89 202 [0]
202 160 [0]
160 203 [0]
55 431 [0]
204 315 [0]
430 325 [0]
83 206 [0]
206 275 [0]
171 288 [0]
194 208 [0]
457 134 [0]
134 262 [0]
177 210 [0]
210 429 [0]
144 211 [0]
247 212 [0]
245 68 [0]
68 213 [0]
207 249 [0]
307 132 [0]
447 215 [0]
108 216 [0]
216 79 [0]
79 373 [0]
102 218 [0]
218 90 [0]
90 219 [0]
191 220 [0]
414 24 [0]
24 221 [0]
143 409 [0]
409 164 [0]
164 223 [0]
214 224 [0]
248 293 [0]
291 357 [0]
18 226 [0]
226 358 [0]
359 227 [0]
343 228 [0]
228 124 [0]
124 229 [0]
156 230 [0]
230 251 [0]
169 231 [0]
97 416 [0]
232 295 [0]
185 233 [0]
148 234 [0]
463 477 [0]
158 235 [0]
183 236 [0]
236 91 [0]
91 237 [0]
101 238 [0]
238 64 [0]
64 280 [0]
179 240 [0]
240 347 [0]
271 241 [0]
85 421 [0]
387 61 [0]
61 243 [0]
247 244 [0]
244 212 [0]
212 245 [0]
13 246 [0]
246 186 [0]
186 247 [0]
274 351 [0]
248 350 [0]
297 290 [0]
231 250 [0]
250 169 [0]
169 251 [0]
154 252 [0]
252 20 [0]
20 253 [0]
259 254 [0]
254 145 [0]
145 255 [0]
339 256 [0]
256 5 [0]
5 483 [0]
113 258 [0]
258 227 [0]
227 259 [0]
211 260 [0]
310 428 [0]
144 261 [0]
209 262 [0]
262 23 [0]
23 437 [0]
32 264 [0]
313 37 [0]
37 265 [0]
132 447 [0]
266 225 [0]
225 403 [0]
192 268 [0]
268 60 [0]
60 269 [0]
179 270 [0]
270 341 [0]
105 346 [0]
159 272 [0]
272 361 [0]
57 273 [0]
224 274 [0]
274 171 [0]
171 275 [0]
405 276 [0]
493 391 [0]
21 277 [0]
404 322 [0]
278 151 [0]
323 279 [0]
239 280 [0]
280 25 [0]
25 389 [0]
71 344 [0]
282 120 [0]
453 283 [0]
155 284 [0]
284 34 [0]
34 285 [0]
6 286 [0]
286 3 [0]
3 287 [0]
224 288 [0]
288 214 [0]
214 426 [0]
307 290 [0]
290 349 [0]
306 293 [0]
494 292 [0]
418 402 [0]
291 293 [0]
233 411 [0]
294 185 [0]
410 385 [0]
248 351 [0]
296 427 [0]
289 297 [0]
7 298 [0]
298 22 [0]
22 299 [0]
51 300 [0]
300 74 [0]
74 301 [0]
281 302 [0]
389 49 [0]
49 303 [0]
172 304 [0]
304 72 [0]
72 305 [0]
349 306 [0]
306 471 [0]
470 307 [0]
35 353 [0]
353 201 [0]
201 309 [0]
260 310 [0]
310 140 [0]
140 311 [0]
32 312 [0]
312 264 [0]
264 313 [0]
55 314 [0]
399 15 [0]
15 315 [0]
94 396 [0]
316 196 [0]
397 317 [0]
180 318 [0]
318 17 [0]
17 319 [0]
42 320 [0]
320 139 [0]
439 321 [0]
383 322 [0]
322 382 [0]
151 323 [0]
138 324 [0]
324 205 [0]
205 325 [0]
473 326 [0]
326 175 [0]
175 327 [0]
305 499 [0]
328 458 [0]
337 329 [0]
126 330 [0]
330 78 [0]
78 331 [0]
99 332 [0]
332 486 [0]
197 333 [0]
200 334 [0]
334 40 [0]
497 464 [0]
328 499 [0]
498 173 [0]
173 337 [0]
114 338 [0]
338 98 [0]
98 339 [0]
271 340 [0]
347 105 [0]
105 341 [0]
107 342 [0]
342 195 [0]
195 343 [0]
282 344 [0]
432 96 [0]
96 345 [0]
271 346 [0]
346 340 [0]
340 347 [0]
393 348 [0]
348 392 [0]
207 349 [0]
427 350 [0]
350 296 [0]
296 351 [0]
86 450 [0]
401 308 [0]
451 353 [0]
287 354 [0]
354 14 [0]
14 355 [0]
425 356 [0]
356 495 [0]
495 403 [0]
258 358 [0]
358 113 [0]
113 359 [0]
273 360 [0]
360 57 [0]
57 361 [0]
472 362 [0]
362 116 [0]
116 363 [0]
20 364 [0]
364 253 [0]
253 365 [0]
141 366 [0]
366 379 [0]
379 367 [0]
92 368 [0]
368 63 [0]
63 369 [0]
190 370 [0]
370 104 [0]
104 371 [0]
321 412 [0]
372 217 [0]
413 373 [0]
37 374 [0]
374 265 [0]
265 375 [0]
461 376 [0]
376 137 [0]
460 377 [0]
141 378 [0]
378 152 [0]
152 379 [0]
213 380 [0]
380 187 [0]
187 478 [0]
151 382 [0]
382 278 [0]
278 383 [0]
232 384 [0]
384 417 [0]
417 385 [0]
30 386 [0]
386 242 [0]
242 421 [0]
281 388 [0]
388 302 [0]
302 389 [0]
277 390 [0]
390 21 [0]
21 391 [0]
207 392 [0]
392 249 [0]
249 471 [0]
11 394 [0]
394 4 [0]
4 395 [0]
316 396 [0]
396 196 [0]
196 397 [0]
55 398 [0]
398 314 [0]
314 399 [0]
9 400 [0]
400 352 [0]
352 401 [0]
291 402 [0]
402 357 [0]
357 403 [0]
62 404 [0]
404 150 [0]
150 492 [0]
292 419 [0]
419 267 [0]
267 407 [0]
153 408 [0]
408 222 [0]
222 409 [0]
185 410 [0]
410 294 [0]
294 411 [0]
372 412 [0]
412 217 [0]
217 413 [0]
220 414 [0]
414 191 [0]
191 415 [0]
232 416 [0]
416 295 [0]
295 417 [0]
356 424 [0]
418 406 [0]
425 419 [0]
61 420 [0]
420 387 [0]
387 421 [0]
246 422 [0]
422 13 [0]
13 423 [0]
418 424 [0]
424 406 [0]
406 425 [0]
297 426 [0]
426 289 [0]
289 427 [0]
144 428 [0]
428 261 [0]
261 429 [0]
315 430 [0]
430 204 [0]
204 431 [0]
454 432 [0]
432 455 [0]
455 433 [0]
490 434 [0]
434 491 [0]
491 435 [0]
125 436 [0]
445 263 [0]
263 437 [0]
320 438 [0]
438 139 [0]
139 439 [0]
189 442 [0]
440 19 [0]
19 441 [0]
440 442 [0]
442 67 [0]
67 443 [0]
125 444 [0]
444 436 [0]
436 445 [0]
225 446 [0]
446 266 [0]
266 447 [0]
484 448 [0]
448 76 [0]
76 449 [0]
401 450 [0]
450 308 [0]
308 451 [0]
282 452 [0]
452 120 [0]
120 453 [0]
344 454 [0]
454 71 [0]
71 455 [0]
194 456 [0]
456 208 [0]
208 457 [0]
173 458 [0]
458 336 [0]
336 459 [0]
137 460 [0]
460 135 [0]
135 461 [0]
148 462 [0]
462 234 [0]
234 463 [0]
335 464 [0]
464 128 [0]
128 465 [0]
46 466 [0]
466 146 [0]
146 467 [0]
11 468 [0]
468 2 [0]
2 469 [0]
348 470 [0]
470 393 [0]
393 471 [0]
174 472 [0]
472 168 [0]
168 473 [0]
381 474 [0]
474 479 [0]
479 475 [0]
235 476 [0]
476 158 [0]
158 477 [0]
381 478 [0]
478 130 [0]
130 479 [0]
203 480 [0]
480 33 [0]
33 481 [0]
27 482 [0]
482 257 [0]
257 483 [0]
80 484 [0]
484 10 [0]
10 485 [0]
197 486 [0]
486 333 [0]
333 487 [0]
154 488 [0]
488 129 [0]
129 489 [0]
45 490 [0]
490 43 [0]
43 491 [0]
405 492 [0]
492 276 [0]
276 493 [0]
267 494 [0]
494 407 [0]
407 495 [0]
334 496 [0]
496 40 [0]
40 497 [0]
336 498 [0]
498 459 [0]
459 499 [0]
102 429 [0]
141 379 [0]
230 250 [0]
123 111 [0]
449 312 [0]
325 24 [0]
337 498 [0]
227 183 [0]
320 439 [0]
279 492 [0]
438 241 [0]
423 246 [0]
451 450 [0]
101 280 [0]
56 69 [0]
171 224 [0]
51 301 [0]
121 75 [0]
470 290 [0]
341 321 [0]
417 232 [0]
304 229 [0]
250 251 [0]
239 302 [0]
447 446 [0]
467 466 [0]
462 463 [0]
421 420 [0]
454 96 [0]
300 301 [0]
356 419 [0]
233 294 [0]
291 132 [0]
405 383 [0]
296 248 [0]
15 55 [0]
228 229 [0]
178 60 [0]
325 138 [0]
165 366 [0]
241 178 [0]
491 45 [0]
456 444 [0]
258 226 [0]
219 218 [0]
499 458 [0]
313 312 [0]
116 472 [0]
401 9 [0]
327 250 [0]
197 332 [0]
221 270 [0]
298 279 [0]
360 148 [0]
150 323 [0]
143 223 [0]
390 405 [0]
245 188 [0]
488 20 [0]
6 329 [0]
66 116 [0]
276 279 [0]
206 449 [0]
200 496 [0]
353 308 [0]
171 312 [0]
123 122 [0]
20 154 [0]
414 270 [0]
270 191 [0]
250 180 [0]
263 436 [0]
157 189 [0]
302 48 [0]
469 75 [0]
230 181 [0]
448 80 [0]
190 371 [0]
467 123 [0]
169 327 [0]
283 345 [0]
497 334 [0]
71 432 [0]
53 188 [0]
456 229 [0]
307 393 [0]
86 335 [0]
166 200 [0]
400 110 [0]
24 370 [0]
108 491 [0]
367 152 [0]
256 98 [0]
69 477 [0]
425 424 [0]
66 157 [0]
415 414 [0]
360 361 [0]
25 129 [0]
465 40 [0]
88 89 [0]
97 417 [0]
382 383 [0]
152 223 [0]
479 213 [0]
135 110 [0]
418 356 [0]
11 4 [0]
337 6 [0]
81 293 [0]
246 380 [0]
405 493 [0]
357 356 [0]
367 366 [0]
237 119 [0]
377 135 [0]
12 92 [0]
63 12 [0]
465 496 [0]
455 282 [0]
458 459 [0]
298 299 [0]
404 492 [0]
25 302 [0]
344 96 [0]
224 426 [0]
213 475 [0]
26 333 [0]
479 381 [0]
167 401 [0]
204 240 [0]
28 206 [0]
464 465 [0]
208 107 [0]
346 347 [0]
66 30 [0]
179 204 [0]
434 43 [0]
440 189 [0]
213 186 [0]
76 28 [0]
151 62 [0]
52 175 [0]
415 270 [0]
371 370 [0]
376 135 [0]
322 151 [0]
40 464 [0]
247 68 [0]
150 279 [0]
293 290 [0]
52 326 [0]
392 470 [0]
286 89 [0]
416 184 [0]
451 87 [0]
276 106 [0]
239 101 [0]
260 144 [0]
94 26 [0]
384 184 [0]
316 397 [0]
222 103 [0]
471 392 [0]
249 349 [0]
58 163 [0]
117 66 [0]
78 435 [0]
367 143 [0]
66 242 [0]
192 241 [0]
341 346 [0]
210 236 [0]
87 353 [0]
489 253 [0]
26 396 [0]
227 254 [0]
389 154 [0]
440 61 [0]
240 105 [0]
342 208 [0]
370 325 [0]
55 211 [0]
130 187 [0]
148 57 [0]
181 180 [0]
28 50 [0]
49 110 [0]
359 254 [0]
151 404 [0]
341 42 [0]
439 341 [0]
210 193 [0]
65 482 [0]
402 293 [0]
370 109 [0]
485 37 [0]
417 481 [0]
452 344 [0]
349 293 [0]
355 135 [0]
133 293 [0]
499 498 [0]
218 144 [0]
389 129 [0]
304 337 [0]
112 31 [0]
282 71 [0]
163 188 [0]
209 436 [0]
134 355 [0]
404 405 [0]
155 147 [0]
50 385 [0]
118 119 [0]
42 438 [0]
221 370 [0]
384 416 [0]
162 158 [0]
333 115 [0]
471 348 [0]
9 465 [0]
6 14 [0]
396 397 [0]
147 365 [0]
14 3 [0]
306 291 [0]
110 9 [0]
377 137 [0]
476 149 [0]
79 242 [0]
450 167 [0]
444 134 [0]
114 397 [0]
357 418 [0]
69 422 [0]
441 189 [0]
313 80 [0]
116 327 [0]
63 22 [0]
46 489 [0]
72 337 [0]
302 49 [0]
14 329 [0]
51 121 [0]
7 456 [0]
437 125 [0]
96 455 [0]
413 412 [0]
255 165 [0]
218 429 [0]
65 238 [0]
345 453 [0]
235 361 [0]
157 181 [0]
364 129 [0]
359 358 [0]
65 101 [0]
115 317 [0]
428 31 [0]
434 108 [0]
170 82 [0]
480 481 [0]
225 215 [0]
255 210 [0]
301 184 [0]
212 68 [0]
108 373 [0]
313 76 [0]
108 331 [0]
458 498 [0]
291 446 [0]
181 17 [0]
135 35 [0]
372 221 [0]
471 349 [0]
129 253 [0]
456 134 [0]
21 405 [0]
422 474 [0]
453 455 [0]
258 183 [0]
361 463 [0]
384 88 [0]
481 385 [0]
109 138 [0]
350 293 [0]
452 453 [0]
312 275 [0]
329 355 [0]
96 453 [0]
290 392 [0]
361 69 [0]
124 107 [0]
179 415 [0]
355 49 [0]
255 31 [0]
270 24 [0]
158 69 [0]
182 359 [0]
87 465 [0]
109 221 [0]
69 162 [0]
92 299 [0]
285 252 [0]
260 428 [0]
457 342 [0]
53 162 [0]
160 88 [0]
135 49 [0]
293 171 [0]
407 419 [0]
384 481 [0]
474 380 [0]
457 194 [0]
420 441 [0]
411 481 [0]
359 226 [0]
93 199 [0]
63 299 [0]
29 51 [0]
322 405 [0]
495 357 [0]
207 290 [0]
356 407 [0]
397 338 [0]
485 328 [0]
473 85 [0]
158 148 [0]
215 266 [0]
140 31 [0]
183 145 [0]
158 360 [0]
55 204 [0]
409 103 [0]
133 11 [0]
313 374 [0]
15 204 [0]
193 237 [0]
333 317 [0]
87 201 [0]
453 282 [0]
107 343 [0]
355 457 [0]
403 446 [0]
219 102 [0]
170 494 [0]
0 4 [0]
463 148 [0]
37 80 [0]
346 42 [0]
65 38 [0]
44 211 [0]
188 423 [0]
85 242 [0]
485 410 [0]
272 235 [0]
301 433 [0]
292 267 [0]
377 353 [0]
469 468 [0]
110 285 [0]
236 193 [0]
213 130 [0]
485 265 [0]
446 357 [0]
23 445 [0]
55 399 [0]
216 331 [0]
19 420 [0]
242 127 [0]
299 93 [0]
327 66 [0]
331 491 [0]
253 34 [0]
473 441 [0]
170 292 [0]
237 236 [0]
173 6 [0]
148 477 [0]
213 246 [0]
140 428 [0]
476 198 [0]
465 167 [0]
403 215 [0]
309 465 [0]
37 10 [0]
211 399 [0]
156 327 [0]
144 429 [0]
306 132 [0]
13 131 [0]
144 176 [0]
469 133 [0]
102 193 [0]
475 68 [0]
335 465 [0]
163 422 [0]
270 372 [0]
483 27 [0]
302 47 [0]
420 473 [0]
164 408 [0]
215 494 [0]
229 7 [0]
285 253 [0]
52 189 [0]
294 480 [0]
73 299 [0]
8 476 [0]
65 48 [0]
473 116 [0]
222 164 [0]
177 31 [0]
317 316 [0]
103 39 [0]
247 245 [0]
209 444 [0]
233 385 [0]
213 247 [0]
407 403 [0]
116 175 [0]
145 227 [0]
332 333 [0]
372 321 [0]
398 399 [0]
34 257 [0]
499 337 [0]
154 49 [0]
27 48 [0]
301 453 [0]
269 219 [0]
401 377 [0]
480 485 [0]
253 252 [0]
16 324 [0]
69 163 [0]
474 475 [0]
485 294 [0]
285 41 [0]
385 484 [0]
51 283 [0]
89 173 [0]
296 274 [0]
133 83 [0]
111 34 [0]
145 366 [0]
205 315 [0]
176 347 [0]
494 77 [0]
485 173 [0]
87 464 [0]
83 171 [0]
402 425 [0]
433 345 [0]
133 2 [0]
205 430 [0]
188 131 [0]
487 338 [0]
258 359 [0]
299 67 [0]
13 69 [0]
182 145 [0]
487 98 [0]
202 203 [0]
115 103 [0]
50 83 [0]
188 474 [0]
352 41 [0]
397 39 [0]
176 340 [0]
204 325 [0]
277 378 [0]
21 444 [0]
229 107 [0]
255 366 [0]
473 174 [0]
333 285 [0]
79 127 [0]
5 34 [0]
274 427 [0]
372 341 [0]
171 133 [0]
178 61 [0]
407 215 [0]
4 8 [0]
173 202 [0]
425 418 [0]
23 263 [0]
327 319 [0]
236 145 [0]
250 17 [0]
61 321 [0]
264 374 [0]
248 171 [0]
28 484 [0]
385 29 [0]
399 205 [0]
253 155 [0]
29 50 [0]
440 420 [0]
137 223 [0]
307 471 [0]
65 47 [0]
416 417 [0]
301 88 [0]
433 97 [0]
198 69 [0]
112 388 [0]
377 308 [0]
178 193 [0]
54 188 [0]
483 34 [0]
328 375 [0]
42 271 [0]
261 177 [0]
251 327 [0]
88 203 [0]
137 164 [0]
329 304 [0]
352 285 [0]
350 297 [0]
375 132 [0]
82 133 [0]
242 413 [0]
386 16 [0]
350 290 [0]
103 143 [0]
233 410 [0]
126 324 [0]
161 301 [0]
341 240 [0]
269 271 [0]
172 305 [0]
69 272 [0]
108 490 [0]
427 426 [0]
26 338 [0]
284 466 [0]
369 499 [0]
201 110 [0]
478 380 [0]
285 197 [0]
340 219 [0]
350 289 [0]
99 408 [0]
103 31 [0]
66 319 [0]
32 297 [0]
98 483 [0]
242 373 [0]
476 272 [0]
0 8 [0]
463 57 [0]
48 114 [0]
451 464 [0]
482 111 [0]
114 483 [0]
307 306 [0]
271 219 [0]
73 328 [0]
345 455 [0]
299 0 [0]
342 304 [0]
456 391 [0]
307 374 [0]
137 41 [0]
427 224 [0]
347 55 [0]
86 464 [0]
129 46 [0]
223 437 [0]
433 385 [0]
48 112 [0]
285 99 [0]
437 277 [0]
7 493 [0]
61 438 [0]
41 401 [0]
154 110 [0]
332 408 [0]
188 186 [0]
111 284 [0]
203 481 [0]
456 493 [0]
29 433 [0]
165 103 [0]
328 173 [0]
355 8 [0]
387 321 [0]
439 438 [0]
241 269 [0]
456 21 [0]
428 177 [0]
376 134 [0]
112 281 [0]
493 298 [0]
241 60 [0]
243 193 [0]
277 223 [0]
425 292 [0]
387 242 [0]
484 50 [0]
373 372 [0]
292 402 [0]
115 153 [0]
280 467 [0]
467 38 [0]
301 395 [0]
205 16 [0]
339 483 [0]
243 178 [0]
126 435 [0]
4 70 [0]
464 200 [0]
228 195 [0]
151 91 [0]
0 215 [0]
385 10 [0]
201 135 [0]
171 351 [0]
137 437 [0]
134 209 [0]
286 287 [0]
4 121 [0]
372 413 [0]
16 399 [0]
387 413 [0]
229 305 [0]
355 54 [0]
299 59 [0]
286 395 [0]
293 292 [0]
385 485 [0]
286 301 [0]
125 277 [0]
1 0 [0]
112 114 [0]
0 36 [0]
44 140 [0]
315 399 [0]
121 395 [0]
447 1 [0]
189 386 [0]
134 437 [0]
211 347 [0]
480 202 [0]
175 156 [0]
469 4 [0]
99 95 [0]
256 333 [0]
156 52 [0]
290 32 [0]
466 147 [0]
347 431 [0]
32 171 [0]
215 1 [0]
394 133 [0]
437 262 [0]
0 69 [0]
374 290 [0]
226 91 [0]
44 260 [0]
286 354 [0]
22 369 [0]
189 30 [0]
126 331 [0]
114 103 [0]
355 53 [0]
299 443 [0]
438 321 [0]
375 93 [0]
188 442 [0]
204 415 [0]
395 14 [0]
146 280 [0]
99 137 [0]
280 238 [0]
394 215 [0]
229 499 [0]
342 228 [0]
362 85 [0]
375 73 [0]
280 38 [0]
188 386 [0]
265 132 [0]
25 46 [0]
247 188 [0]
32 214 [0]
137 408 [0]
482 34 [0]
478 474 [0]
17 327 [0]
0 131 [0]
0 59 [0]
214 297 [0]
386 126 [0]
440 91 [0]
132 374 [0]
394 0 [0]
355 188 [0]
328 63 [0]
1 132 [0]
386 54 [0]
331 386 [0]
440 243 [0]
288 32 [0]
443 442 [0]
395 355 [0]
34 256 [0]
134 461 [0]
383 18 [0]
168 362 [0]
279 151 [0]
151 440 [0]
277 366 [0]
91 243 [0]
243 237 [0]
151 299 [0]
362 473 [0]
34 333 [0]
499 63 [0]
41 99 [0]
476 53 [0]
386 442 [0]
388 303 [0]
18 91 [0]
440 299 [0]
366 378 [0]
151 18 [0]
303 112 [0]
18 278 [0]
372 434 [0]
280 46 [0]
54 112 [0]
18 366 [0]
140 112 [0]
18 277 [0]
372 324 [0]
435 434 [0]
126 372 [0]
140 54 [0]
383 277 [0]
434 126 [0]
