# category: automatic
# problem: 8
800
10
0
1
2
3
4
5
6
7
8
9
10
11
12
13
14
15
16
17
18
19
20
21
22
23
24
25
26
27
28
29
30
31
32
33
34
35
36
37
38
39
40
41
42
43
44
45
46
47
48
49
50
51
52
53
54
55
56
57
58
59
60
61
62
63
64
65
66
67
68
69
70
71
72
73
74
75
76
77
78
79
80
81
82
83
84
85
86
87
88
89
90
91
92
93
94
95
96
97
98
99
100
101
102
103
104
105
106
107
108
109
110
111
112
113
114
115
116
117
118
119
120
121
122
123
124
125
126
127
128
129
130
131
132
133
134
135
136
137
138
139
140
141
142
143
144
145
146
147
148
149
150
151
152
153
154
155
156
157
158
159
160
161
162
163
164
165
166
167
168
169
170
171
172
173
174
175
176
177
178
179
180
181
182
183
184
185
186
187
188
189
190
191
192
193
194
195
196
197
198
199
200
201
202
203
204
205
206
207
208
209
210
211
212
213
214
215
216
217
218
219
220
221
222
223
224
225
226
227
228
229
230
231
232
233
234
235
236
237
238
239
240
241
242
243
244
245
246
247
248
249
250
251
252
253
254
255
256
257
258
259
260
261
262
263
264
265
266
267
268
269
270
271
272
273
274
275
276
277
278
279
280
281
282
283
284
285
286
287
288
289
290
291
292
293
294
295
296
297
298
299
300
301
302
303
304
305
306
307
308
309
310
311
312
313
314
315
316
317
318
319
320
321
322
323
324
325
326
327
328
329
330
331
332
333
334
335
336
337
338
339
340
341
342
343
344
345
346
347
348
349
350
351
352
353
354
355
356
357
358
359
360
361
362
363
364
365
366
367
368
369
370
371
372
373
374
375
376
377
378
379
380
381
382
383
384
385
386
387
388
389
390
391
392
393
394
395
396
397
398
399
400
401
402
403
404
405
406
407
408
409
410
411
412
413
414
415
416
417
418
419
420
421
422
423
424
425
426
427
428
429
430
431
432
433
434
435
436
437
438
439
440
441
442
443
444
445
446
447
448
449
450
451
452
453
454
455
456
457
458
459
460
461
462
463
464
465
466
467
468
469
470
471
472
473
474
475
476
477
478
479
480
481
482
483
484
485
486
487
488
489
490
491
492
493
494
495
496
497
498
499
500
501
502
503
504
505
506
507
508
509
510
511
512
513
514
515
516
517
518
519
520
521
522
523
524
525
526
527
528
529
530
531
532
533
534
535
536
537
538
539
540
541
542
543
544
545
546
547
548
549
550
551
552
553
554
555
556
557
558
559
560
561
562
563
564
565
566
567
568
569
570
571
572
573
574
575
576
577
578
579
580
581
582
583
584
585
586
587
588
589
590
591
592
593
594
595
596
597
598
599
600
601
602
603
604
605
606
607
608
609
610
611
612
613
614
615
616
617
618
619
620
621
622
623
624
625
626
627
628
629
630
631
632
633
634
635
636
637
638
639
640
641
642
643
644
645
646
647
648
649
650
651
652
653
654
655
656
657
658
659
660
661
662
663
664
665
666
667
668
669
670
671
672
673
674
675
676
677
678
679
680
681
682
683
684
685
686
687
688
689
690
691
692
693
694
695
696
697
698
699
700
701
702
703
704
705
706
707
708
709
710
711
712
713
714
715
716
717
718
719
720
721
722
723
724
725
726
727
728
729
730
731
732
733
734
735
736
737
738
739
740
741
742
743
744
745
746
747
748
749
750
751
752
753
754
755
756
757
758
759
760
761
762
763
764
765
766
767
768
769
770
771
772
773
774
775
776
777
778
779
780
781
782
783
784
785
786
787
788
789
790
791
792
793
794
795
796
797
798
799
0 285 [0]
1 561 [0]
2 318 [0]
3 15 [0]
2 157 [0]
1 11 [0]
4 284 [0]
5 480 [0]
6 372 [0]
7 204 [0]
8 500 [0]
9 647 [0]
10 645 [0]
11 621 [0]
12 506 [0]
13 687 [0]
14 703 [0]
2 723 [0]
2 678 [0]
1 493 [0]
15 442 [0]
16 600 [0]
17 184 [0]
10 177 [0]
18 721 [0]
19 32 [0]
16 270 [0]
20 349 [0]
5 73 [0]
12 784 [0]
21 689 [0]
22 495 [0]
1 80 [0]
23 351 [0]
2 711 [0]
8 143 [0]
24 97 [0]
17 131 [0]
25 729 [0]
20 794 [0]
26 272 [0]
27 214 [0]
28 222 [0]
16 798 [0]
29 216 [0]
30 297 [0]
31 147 [0]
32 3 [0]
33 161 [0]
3 1 [0]
1 191 [0]
4 541 [0]
34 665 [0]
35 503 [0]
36 463 [0]
37 100 [0]
38 436 [0]
33 431 [0]
20 467 [0]
16 146 [0]
10 320 [0]
39 67 [0]
40 452 [0]
0 4 [0]
4 121 [0]
1 225 [0]
41 15 [0]
42 625 [0]
43 186 [0]
44 695 [0]
45 589 [0]
8 4 [0]
41 558 [0]
34 724 [0]
46 22 [0]
47 364 [0]
34 692 [0]
48 512 [0]
49 697 [0]
50 173 [0]
26 656 [0]
51 171 [0]
52 256 [0]
53 135 [0]
41 194 [0]
12 581 [0]
54 233 [0]
3 99 [0]
22 587 [0]
55 86 [0]
56 61 [0]
57 165 [0]
33 421 [0]
58 657 [0]
59 18 [0]
60 226 [0]
61 793 [0]
62 56 [0]
63 108 [0]
64 126 [0]
65 247 [0]
66 388 [0]
67 34 [0]
22 371 [0]
68 602 [0]
33 111 [0]
69 370 [0]
70 2 [0]
71 245 [0]
72 393 [0]
35 174 [0]
73 437 [0]
74 305 [0]
32 740 [0]
75 433 [0]
76 178 [0]
26 330 [0]
77 445 [0]
78 465 [0]
79 295 [0]
80 25 [0]
71 629 [0]
10 398 [0]
81 542 [0]
82 17 [0]
83 367 [0]
84 397 [0]
61 183 [0]
85 60 [0]
26 125 [0]
86 43 [0]
72 520 [0]
87 578 [0]
88 192 [0]
9 249 [0]
30 168 [0]
33 502 [0]
89 132 [0]
90 392 [0]
91 31 [0]
92 22 [0]
93 279 [0]
94 346 [0]
95 40 [0]
14 53 [0]
96 386 [0]
97 234 [0]
98 54 [0]
99 212 [0]
100 224 [0]
16 332 [0]
44 568 [0]
101 413 [0]
102 20 [0]
103 577 [0]
97 745 [0]
104 20 [0]
105 772 [0]
70 241 [0]
8 417 [0]
106 668 [0]
107 296 [0]
108 595 [0]
109 242 [0]
110 55 [0]
107 274 [0]
4 18 [0]
111 505 [0]
112 306 [0]
113 458 [0]
43 631 [0]
114 638 [0]
115 137 [0]
116 64 [0]
114 781 [0]
117 441 [0]
118 464 [0]
102 252 [0]
119 640 [0]
120 654 [0]
98 114 [0]
39 7 [0]
121 726 [0]
122 78 [0]
123 152 [0]
124 481 [0]
58 474 [0]
125 375 [0]
126 650 [0]
127 10 [0]
128 13 [0]
129 403 [0]
130 259 [0]
39 334 [0]
131 670 [0]
132 12 [0]
30 731 [0]
130 134 [0]
133 63 [0]
94 427 [0]
43 790 [0]
26 783 [0]
134 610 [0]
135 383 [0]
112 292 [0]
27 93 [0]
136 700 [0]
137 35 [0]
90 66 [0]
138 658 [0]
139 566 [0]
87 104 [0]
140 461 [0]
141 510 [0]
12 434 [0]
15 341 [0]
142 91 [0]
143 155 [0]
144 592 [0]
145 112 [0]
146 401 [0]
147 202 [0]
148 425 [0]
149 29 [0]
97 35 [0]
150 674 [0]
3 379 [0]
151 205 [0]
152 57 [0]
33 150 [0]
153 94 [0]
154 170 [0]
155 139 [0]
156 540 [0]
157 87 [0]
158 580 [0]
53 649 [0]
159 767 [0]
51 144 [0]
160 0 [0]
161 639 [0]
89 293 [0]
162 338 [0]
163 758 [0]
164 752 [0]
165 756 [0]
166 182 [0]
167 124 [0]
168 28 [0]
169 30 [0]
170 217 [0]
33 531 [0]
171 428 [0]
172 591 [0]
173 4 [0]
174 385 [0]
175 220 [0]
176 197 [0]
2 4 [0]
8 139 [0]
177 340 [0]
178 435 [0]
145 2 [0]
179 47 [0]
82 352 [0]
3 530 [0]
144 660 [0]
123 553 [0]
180 613 [0]
144 519 [0]
181 26 [0]
182 158 [0]
183 26 [0]
184 110 [0]
97 115 [0]
185 66 [0]
27 303 [0]
87 190 [0]
25 1 [0]
186 440 [0]
187 188 [0]
188 698 [0]
189 290 [0]
190 2 [0]
191 573 [0]
59 536 [0]
192 374 [0]
193 309 [0]
179 148 [0]
133 746 [0]
103 759 [0]
194 679 [0]
195 84 [0]
2 373 [0]
196 221 [0]
33 525 [0]
197 16 [0]
198 69 [0]
199 9 [0]
200 18 [0]
164 782 [0]
201 632 [0]
202 195 [0]
203 1 [0]
88 113 [0]
204 562 [0]
54 90 [0]
205 71 [0]
101 206 [0]
193 533 [0]
206 55 [0]
185 54 [0]
207 42 [0]
20 317 [0]
208 775 [0]
209 10 [0]
115 622 [0]
15 109 [0]
210 191 [0]
211 634 [0]
97 231 [0]
212 1 [0]
213 27 [0]
78 27 [0]
214 501 [0]
215 2 [0]
216 319 [0]
201 120 [0]
26 420 [0]
217 394 [0]
218 523 [0]
219 733 [0]
220 361 [0]
221 127 [0]
1 150 [0]
222 316 [0]
223 511 [0]
224 118 [0]
225 123 [0]
226 682 [0]
227 10 [0]
171 46 [0]
228 288 [0]
229 653 [0]
230 438 [0]
231 66 [0]
232 450 [0]
233 376 [0]
234 228 [0]
189 360 [0]
90 185 [0]
41 601 [0]
235 232 [0]
236 51 [0]
237 2 [0]
189 328 [0]
148 240 [0]
210 258 [0]
238 131 [0]
20 382 [0]
133 535 [0]
19 633 [0]
239 443 [0]
222 673 [0]
240 754 [0]
241 743 [0]
242 507 [0]
243 7 [0]
244 254 [0]
20 12 [0]
245 572 [0]
246 201 [0]
247 77 [0]
248 26 [0]
172 167 [0]
249 477 [0]
250 491 [0]
251 776 [0]
133 395 [0]
252 339 [0]
253 2 [0]
254 196 [0]
255 404 [0]
83 164 [0]
34 448 [0]
33 133 [0]
256 211 [0]
48 699 [0]
174 203 [0]
118 663 [0]
257 10 [0]
258 497 [0]
259 160 [0]
260 10 [0]
208 552 [0]
261 257 [0]
2 109 [0]
18 30 [0]
206 86 [0]
262 314 [0]
150 28 [0]
263 728 [0]
264 141 [0]
265 484 [0]
266 627 [0]
267 3 [0]
268 75 [0]
11 598 [0]
68 53 [0]
114 229 [0]
269 409 [0]
270 72 [0]
271 344 [0]
272 583 [0]
129 176 [0]
273 169 [0]
274 686 [0]
275 661 [0]
197 422 [0]
276 688 [0]
277 218 [0]
12 778 [0]
196 522 [0]
262 94 [0]
278 122 [0]
279 53 [0]
280 381 [0]
70 275 [0]
267 644 [0]
30 273 [0]
121 2 [0]
281 156 [0]
157 190 [0]
282 785 [0]
44 138 [0]
283 342 [0]
191 468 [0]
240 327 [0]
284 730 [0]
621 630 [0]
285 37 [0]
286 185 [0]
287 671 [0]
288 162 [0]
289 24 [0]
290 116 [0]
168 210 [0]
291 164 [0]
73 24 [0]
292 253 [0]
293 727 [0]
294 199 [0]
4 140 [0]
295 476 [0]
296 32 [0]
297 200 [0]
298 518 [0]
299 131 [0]
300 291 [0]
233 414 [0]
301 396 [0]
81 508 [0]
302 90 [0]
303 96 [0]
193 111 [0]
304 378 [0]
30 210 [0]
164 504 [0]
305 3 [0]
56 390 [0]
127 539 [0]
306 28 [0]
307 472 [0]
308 139 [0]
309 787 [0]
310 74 [0]
33 537 [0]
311 219 [0]
312 166 [0]
313 101 [0]
314 575 [0]
315 103 [0]
316 70 [0]
317 416 [0]
318 399 [0]
276 79 [0]
319 594 [0]
2 87 [0]
269 32 [0]
320 336 [0]
194 389 [0]
205 76 [0]
321 41 [0]
322 323 [0]
323 768 [0]
324 9 [0]
325 23 [0]
326 130 [0]
327 449 [0]
229 549 [0]
328 183 [0]
73 402 [0]
1 210 [0]
329 229 [0]
330 574 [0]
331 1 [0]
332 357 [0]
333 9 [0]
334 34 [0]
335 114 [0]
336 236 [0]
337 707 [0]
120 369 [0]
338 426 [0]
89 35 [0]
339 7 [0]
340 4 [0]
341 237 [0]
342 486 [0]
343 269 [0]
344 444 [0]
345 187 [0]
346 58 [0]
347 717 [0]
163 780 [0]
239 180 [0]
348 412 [0]
349 79 [0]
350 172 [0]
209 786 [0]
351 20 [0]
352 299 [0]
353 487 [0]
354 725 [0]
220 606 [0]
355 642 [0]
356 304 [0]
357 23 [0]
358 71 [0]
305 111 [0]
154 74 [0]
359 267 [0]
360 56 [0]
361 130 [0]
362 251 [0]
363 547 [0]
85 460 [0]
364 447 [0]
365 666 [0]
366 113 [0]
367 648 [0]
123 407 [0]
368 415 [0]
347 454 [0]
128 603 [0]
275 773 [0]
35 559 [0]
281 115 [0]
286 12 [0]
369 35 [0]
370 5 [0]
170 163 [0]
371 718 [0]
372 430 [0]
373 410 [0]
374 691 [0]
375 667 [0]
376 672 [0]
377 16 [0]
378 355 [0]
379 141 [0]
380 271 [0]
2 713 [0]
73 419 [0]
381 362 [0]
382 239 [0]
4 789 [0]
383 636 [0]
384 307 [0]
385 331 [0]
386 677 [0]
387 129 [0]
388 115 [0]
389 15 [0]
390 405 [0]
391 2 [0]
172 106 [0]
392 229 [0]
393 646 [0]
331 203 [0]
142 71 [0]
359 1 [0]
394 133 [0]
104 624 [0]
395 163 [0]
396 276 [0]
397 457 [0]
398 43 [0]
399 104 [0]
400 321 [0]
365 611 [0]
401 387 [0]
402 329 [0]
403 120 [0]
404 365 [0]
405 771 [0]
406 144 [0]
31 358 [0]
407 1 [0]
408 1 [0]
409 76 [0]
410 423 [0]
411 490 [0]
412 516 [0]
329 90 [0]
278 544 [0]
231 388 [0]
299 791 [0]
413 92 [0]
414 263 [0]
415 527 [0]
416 534 [0]
417 248 [0]
418 235 [0]
386 27 [0]
197 750 [0]
419 90 [0]
420 308 [0]
421 145 [0]
422 146 [0]
423 18 [0]
424 356 [0]
425 12 [0]
426 277 [0]
427 528 [0]
172 16 [0]
428 300 [0]
429 359 [0]
430 363 [0]
431 659 [0]
181 616 [0]
432 54 [0]
433 400 [0]
434 513 [0]
408 258 [0]
88 459 [0]
435 151 [0]
436 8 [0]
437 302 [0]
201 369 [0]
438 353 [0]
439 569 [0]
196 127 [0]
440 582 [0]
441 354 [0]
442 796 [0]
443 489 [0]
375 105 [0]
401 422 [0]
441 498 [0]
444 273 [0]
445 149 [0]
446 227 [0]
447 39 [0]
448 179 [0]
449 609 [0]
450 76 [0]
448 148 [0]
237 15 [0]
451 1 [0]
452 22 [0]
114 402 [0]
453 345 [0]
168 191 [0]
373 795 [0]
454 747 [0]
195 107 [0]
256 719 [0]
411 126 [0]
159 95 [0]
455 35 [0]
456 264 [0]
16 209 [0]
457 358 [0]
458 3 [0]
459 3 [0]
460 651 [0]
461 652 [0]
454 456 [0]
462 66 [0]
183 470 [0]
463 45 [0]
464 21 [0]
465 93 [0]
466 266 [0]
193 3 [0]
467 567 [0]
468 492 [0]
469 769 [0]
470 189 [0]
471 736 [0]
472 554 [0]
473 619 [0]
222 292 [0]
474 696 [0]
475 33 [0]
476 106 [0]
477 57 [0]
468 1 [0]
478 215 [0]
479 6 [0]
407 225 [0]
4 436 [0]
181 620 [0]
480 466 [0]
481 604 [0]
141 150 [0]
371 312 [0]
194 15 [0]
482 779 [0]
483 708 [0]
2 706 [0]
484 263 [0]
485 22 [0]
486 704 [0]
487 250 [0]
488 71 [0]
27 465 [0]
2 685 [0]
489 585 [0]
490 716 [0]
324 407 [0]
269 548 [0]
491 14 [0]
492 11 [0]
114 761 [0]
124 172 [0]
12 179 [0]
493 324 [0]
494 105 [0]
495 635 [0]
496 223 [0]
497 103 [0]
74 111 [0]
38 461 [0]
498 488 [0]
499 141 [0]
2 399 [0]
500 693 [0]
501 714 [0]
231 90 [0]
20 749 [0]
502 193 [0]
503 246 [0]
504 529 [0]
163 133 [0]
2 526 [0]
282 464 [0]
105 495 [0]
505 615 [0]
506 198 [0]
507 391 [0]
508 617 [0]
509 478 [0]
447 34 [0]
510 1 [0]
411 139 [0]
511 446 [0]
263 265 [0]
512 49 [0]
513 281 [0]
514 28 [0]
515 278 [0]
516 655 [0]
11 28 [0]
517 287 [0]
518 35 [0]
388 97 [0]
519 496 [0]
366 88 [0]
325 20 [0]
520 720 [0]
16 556 [0]
521 377 [0]
522 244 [0]
143 139 [0]
523 1 [0]
524 755 [0]
525 456 [0]
526 344 [0]
434 455 [0]
527 607 [0]
528 471 [0]
529 485 [0]
530 111 [0]
531 141 [0]
532 255 [0]
1 141 [0]
533 141 [0]
534 180 [0]
535 473 [0]
536 4 [0]
482 471 [0]
537 141 [0]
538 423 [0]
128 209 [0]
539 608 [0]
540 462 [0]
359 451 [0]
169 271 [0]
286 540 [0]
541 494 [0]
1 379 [0]
87 467 [0]
542 75 [0]
543 244 [0]
544 27 [0]
356 63 [0]
545 298 [0]
546 179 [0]
547 230 [0]
371 244 [0]
548 19 [0]
549 348 [0]
478 737 [0]
501 544 [0]
550 499 [0]
551 612 [0]
552 258 [0]
553 294 [0]
554 163 [0]
555 280 [0]
556 422 [0]
217 163 [0]
500 4 [0]
557 2 [0]
558 109 [0]
386 213 [0]
559 201 [0]
2 558 [0]
560 175 [0]
43 623 [0]
3 597 [0]
251 16 [0]
471 94 [0]
18 664 [0]
561 142 [0]
417 38 [0]
562 546 [0]
563 524 [0]
564 85 [0]
565 46 [0]
71 31 [0]
73 641 [0]
566 85 [0]
567 7 [0]
568 10 [0]
96 53 [0]
569 52 [0]
570 626 [0]
243 39 [0]
571 167 [0]
572 337 [0]
20 23 [0]
253 694 [0]
434 281 [0]
573 28 [0]
574 65 [0]
575 482 [0]
576 268 [0]
577 408 [0]
520 35 [0]
578 662 [0]
579 2 [0]
62 770 [0]
307 554 [0]
580 207 [0]
581 455 [0]
582 313 [0]
222 306 [0]
583 189 [0]
584 545 [0]
585 12 [0]
586 292 [0]
172 521 [0]
587 701 [0]
588 418 [0]
78 547 [0]
589 213 [0]
495 42 [0]
590 521 [0]
591 48 [0]
195 358 [0]
592 543 [0]
593 312 [0]
594 637 [0]
1 258 [0]
595 424 [0]
366 741 [0]
596 154 [0]
597 366 [0]
598 514 [0]
599 596 [0]
18 373 [0]
600 128 [0]
601 675 [0]
602 96 [0]
603 172 [0]
604 762 [0]
605 76 [0]
606 18 [0]
607 777 [0]
608 244 [0]
429 212 [0]
609 12 [0]
610 37 [0]
611 150 [0]
612 311 [0]
613 325 [0]
614 4 [0]
615 570 [0]
126 490 [0]
172 600 [0]
616 738 [0]
617 576 [0]
618 599 [0]
386 303 [0]
443 12 [0]
503 197 [0]
619 268 [0]
106 295 [0]
620 460 [0]
621 150 [0]
622 684 [0]
623 131 [0]
624 2 [0]
625 614 [0]
626 310 [0]
627 289 [0]
203 152 [0]
628 41 [0]
629 119 [0]
630 28 [0]
631 690 [0]
632 765 [0]
633 343 [0]
538 410 [0]
634 83 [0]
635 593 [0]
636 315 [0]
637 136 [0]
638 286 [0]
97 622 [0]
639 347 [0]
640 107 [0]
641 329 [0]
642 81 [0]
643 571 [0]
644 451 [0]
645 138 [0]
366 3 [0]
310 615 [0]
646 517 [0]
642 133 [0]
95 452 [0]
478 482 [0]
647 44 [0]
604 571 [0]
648 368 [0]
649 134 [0]
650 322 [0]
424 63 [0]
96 68 [0]
651 226 [0]
652 26 [0]
653 98 [0]
654 555 [0]
655 432 [0]
656 742 [0]
657 262 [0]
32 409 [0]
284 748 [0]
658 283 [0]
659 384 [0]
660 171 [0]
501 278 [0]
661 715 [0]
662 669 [0]
128 172 [0]
663 6 [0]
664 175 [0]
665 676 [0]
516 54 [0]
666 630 [0]
667 159 [0]
282 680 [0]
668 301 [0]
455 12 [0]
669 7 [0]
89 357 [0]
670 10 [0]
671 203 [0]
672 265 [0]
673 275 [0]
674 532 [0]
260 209 [0]
675 133 [0]
676 148 [0]
677 36 [0]
678 50 [0]
679 88 [0]
680 118 [0]
34 364 [0]
681 59 [0]
171 607 [0]
586 673 [0]
682 181 [0]
236 10 [0]
11 514 [0]
132 744 [0]
683 551 [0]
26 461 [0]
684 732 [0]
685 757 [0]
686 453 [0]
687 209 [0]
688 350 [0]
689 282 [0]
690 55 [0]
33 141 [0]
141 525 [0]
691 366 [0]
56 405 [0]
184 238 [0]
692 102 [0]
572 269 [0]
693 0 [0]
694 145 [0]
695 82 [0]
227 144 [0]
606 175 [0]
696 12 [0]
184 131 [0]
697 643 [0]
680 464 [0]
698 588 [0]
699 167 [0]
700 95 [0]
701 406 [0]
71 457 [0]
702 4 [0]
703 68 [0]
359 212 [0]
704 333 [0]
705 173 [0]
383 210 [0]
706 628 [0]
707 760 [0]
708 683 [0]
709 65 [0]
710 33 [0]
711 475 [0]
712 605 [0]
713 15 [0]
714 515 [0]
715 2 [0]
643 590 [0]
716 62 [0]
392 329 [0]
201 403 [0]
3 141 [0]
18 536 [0]
717 550 [0]
12 540 [0]
718 702 [0]
719 164 [0]
720 584 [0]
721 560 [0]
643 604 [0]
515 213 [0]
722 563 [0]
723 30 [0]
105 541 [0]
724 243 [0]
725 19 [0]
726 681 [0]
727 35 [0]
728 335 [0]
729 429 [0]
730 38 [0]
731 326 [0]
2 344 [0]
501 515 [0]
732 35 [0]
521 481 [0]
131 753 [0]
733 735 [0]
232 296 [0]
734 22 [0]
542 133 [0]
735 12 [0]
736 766 [0]
737 2 [0]
738 85 [0]
739 153 [0]
740 751 [0]
741 192 [0]
742 38 [0]
123 1 [0]
743 469 [0]
197 556 [0]
744 613 [0]
1 621 [0]
441 245 [0]
745 90 [0]
746 557 [0]
747 264 [0]
748 774 [0]
33 799 [0]
749 239 [0]
228 277 [0]
750 401 [0]
751 712 [0]
752 722 [0]
753 43 [0]
754 483 [0]
755 439 [0]
756 261 [0]
215 737 [0]
395 394 [0]
475 557 [0]
757 705 [0]
758 618 [0]
759 208 [0]
760 117 [0]
761 73 [0]
762 590 [0]
5 761 [0]
283 704 [0]
25 212 [0]
763 579 [0]
150 788 [0]
107 71 [0]
574 26 [0]
764 538 [0]
765 176 [0]
717 639 [0]
766 763 [0]
767 734 [0]
46 701 [0]
768 411 [0]
769 380 [0]
581 434 [0]
18 297 [0]
770 405 [0]
35 622 [0]
456 747 [0]
771 126 [0]
104 2 [0]
772 140 [0]
684 35 [0]
773 586 [0]
131 43 [0]
774 140 [0]
639 550 [0]
775 210 [0]
776 89 [0]
777 46 [0]
778 87 [0]
779 509 [0]
780 710 [0]
56 770 [0]
781 5 [0]
782 565 [0]
783 564 [0]
784 180 [0]
479 663 [0]
435 205 [0]
116 771 [0]
785 479 [0]
707 441 [0]
16 128 [0]
786 79 [0]
787 3 [0]
338 277 [0]
788 145 [0]
789 792 [0]
790 238 [0]
791 82 [0]
792 38 [0]
793 709 [0]
650 411 [0]
794 219 [0]
795 797 [0]
796 739 [0]
388 281 [0]
797 764 [0]
798 260 [0]
799 193 [0]
16 654 [0]
0 364 [0]
1 24 [0]
2 529 [0]
3 5 [0]
4 116 [0]
2 92 [0]
0 382 [0]
4 148 [0]
5 69 [0]
6 344 [0]
2 421 [0]
7 14 [0]
8 528 [0]
9 387 [0]
5 48 [0]
10 238 [0]
11 358 [0]
10 242 [0]
12 339 [0]
13 45 [0]
14 231 [0]
15 592 [0]
16 39 [0]
2 393 [0]
17 62 [0]
18 17 [0]
6 627 [0]
18 169 [0]
19 211 [0]
20 777 [0]
20 5 [0]
0 262 [0]
21 121 [0]
22 201 [0]
23 639 [0]
24 527 [0]
25 389 [0]
26 795 [0]
21 126 [0]
27 675 [0]
24 631 [0]
28 755 [0]
29 38 [0]
30 792 [0]
31 714 [0]
32 743 [0]
3 610 [0]
33 636 [0]
34 336 [0]
35 22 [0]
36 601 [0]
37 783 [0]
38 146 [0]
39 173 [0]
40 4 [0]
41 375 [0]
42 305 [0]
16 10 [0]
37 353 [0]
43 501 [0]
44 224 [0]
45 571 [0]
46 496 [0]
47 360 [0]
15 721 [0]
48 398 [0]
49 264 [0]
50 321 [0]
51 653 [0]
52 511 [0]
53 316 [0]
54 371 [0]
0 695 [0]
55 526 [0]
56 766 [0]
57 559 [0]
58 252 [0]
52 110 [0]
59 290 [0]
60 55 [0]
61 162 [0]
62 171 [0]
63 673 [0]
64 447 [0]
41 432 [0]
65 107 [0]
66 309 [0]
67 13 [0]
68 241 [0]
69 602 [0]
70 11 [0]
71 178 [0]
72 245 [0]
73 28 [0]
74 207 [0]
50 505 [0]
0 348 [0]
8 30 [0]
75 567 [0]
76 8 [0]
77 36 [0]
78 93 [0]
79 155 [0]
80 147 [0]
51 263 [0]
61 725 [0]
81 406 [0]
39 198 [0]
82 771 [0]
83 582 [0]
84 10 [0]
85 76 [0]
59 566 [0]
86 228 [0]
87 366 [0]
88 87 [0]
9 294 [0]
89 265 [0]
90 317 [0]
91 593 [0]
92 519 [0]
93 549 [0]
94 52 [0]
4 166 [0]
95 81 [0]
81 385 [0]
96 378 [0]
97 677 [0]
16 458 [0]
98 576 [0]
58 536 [0]
75 131 [0]
35 99 [0]
99 115 [0]
100 274 [0]
101 557 [0]
102 136 [0]
46 408 [0]
103 51 [0]
20 306 [0]
104 176 [0]
105 715 [0]
106 254 [0]
107 67 [0]
108 16 [0]
37 3 [0]
69 76 [0]
103 185 [0]
35 625 [0]
44 205 [0]
38 26 [0]
109 91 [0]
110 302 [0]
111 258 [0]
10 745 [0]
112 253 [0]
113 221 [0]
114 466 [0]
115 343 [0]
116 187 [0]
117 267 [0]
118 0 [0]
117 537 [0]
119 74 [0]
120 337 [0]
121 342 [0]
122 157 [0]
123 223 [0]
124 407 [0]
32 109 [0]
125 656 [0]
126 225 [0]
127 560 [0]
128 796 [0]
129 36 [0]
130 606 [0]
131 15 [0]
132 707 [0]
133 483 [0]
63 93 [0]
134 41 [0]
135 46 [0]
136 550 [0]
53 124 [0]
0 226 [0]
137 736 [0]
58 261 [0]
72 523 [0]
2 291 [0]
22 437 [0]
138 85 [0]
139 188 [0]
140 97 [0]
141 565 [0]
142 454 [0]
112 684 [0]
3 131 [0]
143 251 [0]
14 165 [0]
41 161 [0]
126 685 [0]
144 355 [0]
145 347 [0]
146 428 [0]
147 693 [0]
148 787 [0]
126 654 [0]
149 215 [0]
1 31 [0]
150 477 [0]
151 784 [0]
152 628 [0]
153 786 [0]
154 472 [0]
155 521 [0]
156 140 [0]
157 341 [0]
158 287 [0]
159 0 [0]
76 598 [0]
11 121 [0]
160 367 [0]
0 338 [0]
161 62 [0]
162 670 [0]
60 103 [0]
163 708 [0]
36 170 [0]
164 193 [0]
79 544 [0]
163 66 [0]
44 329 [0]
165 192 [0]
40 517 [0]
166 14 [0]
167 744 [0]
154 540 [0]
35 115 [0]
168 19 [0]
97 617 [0]
169 159 [0]
170 95 [0]
171 764 [0]
172 726 [0]
2 468 [0]
173 6 [0]
174 6 [0]
175 729 [0]
176 233 [0]
8 388 [0]
88 524 [0]
177 182 [0]
178 516 [0]
179 442 [0]
25 763 [0]
66 93 [0]
180 327 [0]
9 1 [0]
181 70 [0]
182 71 [0]
183 130 [0]
184 172 [0]
163 78 [0]
185 55 [0]
186 742 [0]
187 624 [0]
188 352 [0]
189 60 [0]
190 222 [0]
191 230 [0]
41 38 [0]
0 374 [0]
192 292 [0]
193 114 [0]
187 373 [0]
194 506 [0]
195 297 [0]
196 220 [0]
197 259 [0]
198 340 [0]
199 210 [0]
52 596 [0]
200 199 [0]
201 615 [0]
202 416 [0]
13 314 [0]
173 58 [0]
203 121 [0]
204 620 [0]
40 359 [0]
205 578 [0]
176 50 [0]
206 349 [0]
3 2 [0]
207 281 [0]
155 543 [0]
208 603 [0]
209 412 [0]
156 731 [0]
65 465 [0]
210 282 [0]
211 411 [0]
44 62 [0]
212 150 [0]
213 324 [0]
214 144 [0]
215 409 [0]
187 250 [0]
216 60 [0]
217 200 [0]
166 346 [0]
218 133 [0]
219 4 [0]
65 588 [0]
118 479 [0]
220 717 [0]
221 311 [0]
165 166 [0]
222 218 [0]
223 27 [0]
224 390 [0]
225 209 [0]
40 626 [0]
294 31 [0]
226 44 [0]
227 645 [0]
228 64 [0]
229 749 [0]
69 539 [0]
230 236 [0]
50 6 [0]
231 690 [0]
232 266 [0]
0 150 [0]
233 196 [0]
234 21 [0]
235 330 [0]
236 595 [0]
146 553 [0]
237 36 [0]
238 498 [0]
239 208 [0]
127 211 [0]
41 44 [0]
241 356 [0]
9 489 [0]
242 619 [0]
165 169 [0]
243 728 [0]
244 30 [0]
245 417 [0]
246 668 [0]
247 332 [0]
185 351 [0]
248 227 [0]
249 10 [0]
198 307 [0]
23 16 [0]
250 691 [0]
251 548 [0]
252 659 [0]
253 733 [0]
254 520 [0]
123 424 [0]
255 7 [0]
256 97 [0]
257 66 [0]
258 186 [0]
259 2 [0]
260 325 [0]
261 507 [0]
203 11 [0]
262 402 [0]
263 600 [0]
264 776 [0]
265 154 [0]
153 1 [0]
187 568 [0]
266 525 [0]
267 448 [0]
15 213 [0]
268 95 [0]
111 20 [0]
269 487 [0]
240 422 [0]
270 504 [0]
271 37 [0]
272 37 [0]
273 63 [0]
274 513 [0]
275 75 [0]
35 255 [0]
276 248 [0]
161 44 [0]
277 243 [0]
278 72 [0]
279 488 [0]
117 315 [0]
102 354 [0]
280 443 [0]
281 778 [0]
282 644 [0]
171 224 [0]
283 197 [0]
284 295 [0]
218 105 [0]
285 665 [0]
12 789 [0]
286 303 [0]
287 1 [0]
231 350 [0]
288 268 [0]
289 640 [0]
81 51 [0]
290 44 [0]
58 276 [0]
16 403 [0]
205 254 [0]
291 75 [0]
292 322 [0]
115 334 [0]
171 425 [0]
293 112 [0]
294 158 [0]
63 457 [0]
295 574 [0]
296 770 [0]
297 376 [0]
226 491 [0]
298 577 [0]
299 441 [0]
300 515 [0]
267 126 [0]
301 122 [0]
302 737 [0]
179 641 [0]
303 18 [0]
304 257 [0]
305 569 [0]
306 6 [0]
307 58 [0]
308 612 [0]
309 710 [0]
310 284 [0]
311 642 [0]
312 683 [0]
52 667 [0]
313 296 [0]
314 149 [0]
111 186 [0]
315 126 [0]
316 280 [0]
317 613 [0]
283 18 [0]
318 171 [0]
319 183 [0]
202 43 [0]
320 111 [0]
321 431 [0]
322 575 [0]
323 586 [0]
242 333 [0]
324 741 [0]
136 419 [0]
325 120 [0]
326 77 [0]
307 798 [0]
112 474 [0]
327 177 [0]
328 452 [0]
329 750 [0]
330 108 [0]
140 91 [0]
306 79 [0]
331 47 [0]
332 420 [0]
333 456 [0]
130 147 [0]
88 136 [0]
334 4 [0]
335 512 [0]
336 554 [0]
337 698 [0]
240 59 [0]
338 299 [0]
17 775 [0]
339 164 [0]
340 396 [0]
341 96 [0]
342 181 [0]
343 219 [0]
63 296 [0]
344 239 [0]
345 98 [0]
346 192 [0]
347 54 [0]
348 449 [0]
349 73 [0]
49 779 [0]
350 510 [0]
351 381 [0]
352 97 [0]
353 730 [0]
354 410 [0]
355 688 [0]
356 214 [0]
245 434 [0]
357 135 [0]
358 293 [0]
359 52 [0]
360 90 [0]
361 674 [0]
362 773 [0]
363 124 [0]
130 319 [0]
364 380 [0]
365 669 [0]
366 561 [0]
239 0 [0]
0 686 [0]
367 283 [0]
368 404 [0]
369 180 [0]
370 780 [0]
215 67 [0]
60 100 [0]
371 206 [0]
372 379 [0]
373 597 [0]
374 194 [0]
375 151 [0]
86 629 [0]
376 599 [0]
377 791 [0]
378 34 [0]
379 256 [0]
380 383 [0]
381 60 [0]
322 98 [0]
382 270 [0]
334 572 [0]
153 594 [0]
77 237 [0]
312 630 [0]
40 438 [0]
383 547 [0]
384 633 [0]
310 239 [0]
385 709 [0]
386 423 [0]
387 486 [0]
388 71 [0]
389 459 [0]
390 471 [0]
391 0 [0]
392 793 [0]
213 570 [0]
393 247 [0]
394 179 [0]
395 1 [0]
396 175 [0]
397 320 [0]
97 118 [0]
398 331 [0]
150 374 [0]
399 2 [0]
400 508 [0]
401 235 [0]
402 59 [0]
403 235 [0]
41 82 [0]
338 150 [0]
404 279 [0]
405 213 [0]
406 103 [0]
407 156 [0]
408 229 [0]
409 65 [0]
410 88 [0]
411 694 [0]
139 97 [0]
14 99 [0]
412 117 [0]
413 195 [0]
251 122 [0]
254 243 [0]
205 37 [0]
414 132 [0]
415 261 [0]
416 492 [0]
243 616 [0]
417 605 [0]
418 101 [0]
50 239 [0]
419 769 [0]
10 546 [0]
420 522 [0]
421 271 [0]
95 621 [0]
127 538 [0]
422 604 [0]
423 611 [0]
91 370 [0]
424 723 [0]
126 139 [0]
223 424 [0]
52 40 [0]
323 2 [0]
3 291 [0]
242 237 [0]
425 44 [0]
294 1 [0]
115 497 [0]
426 118 [0]
427 785 [0]
428 414 [0]
127 424 [0]
188 720 [0]
296 556 [0]
194 0 [0]
429 89 [0]
430 7 [0]
431 759 [0]
432 68 [0]
433 591 [0]
434 372 [0]
435 127 [0]
183 545 [0]
436 203 [0]
437 481 [0]
438 179 [0]
115 376 [0]
187 453 [0]
439 37 [0]
440 86 [0]
51 36 [0]
441 632 [0]
435 424 [0]
442 462 [0]
443 234 [0]
444 494 [0]
44 312 [0]
61 399 [0]
153 292 [0]
445 166 [0]
446 704 [0]
430 255 [0]
447 94 [0]
0 73 [0]
448 535 [0]
237 326 [0]
271 3 [0]
449 697 [0]
157 369 [0]
450 125 [0]
451 212 [0]
452 13 [0]
1 364 [0]
453 222 [0]
59 680 [0]
50 220 [0]
454 788 [0]
455 753 [0]
456 237 [0]
457 65 [0]
338 441 [0]
221 138 [0]
458 478 [0]
459 405 [0]
460 240 [0]
194 150 [0]
461 124 [0]
462 9 [0]
463 767 [0]
464 541 [0]
326 495 [0]
103 351 [0]
466 446 [0]
59 531 [0]
215 502 [0]
467 79 [0]
468 562 [0]
469 29 [0]
315 225 [0]
470 56 [0]
12 28 [0]
471 377 [0]
472 450 [0]
0 455 [0]
438 387 [0]
473 40 [0]
76 747 [0]
464 88 [0]
261 307 [0]
474 11 [0]
475 297 [0]
476 262 [0]
477 50 [0]
478 84 [0]
55 43 [0]
479 678 [0]
480 143 [0]
300 201 [0]
381 55 [0]
481 255 [0]
317 172 [0]
482 464 [0]
483 33 [0]
484 2 [0]
485 687 [0]
390 794 [0]
486 555 [0]
487 440 [0]
50 196 [0]
488 262 [0]
489 153 [0]
58 10 [0]
232 679 [0]
348 21 [0]
350 303 [0]
262 499 [0]
490 23 [0]
491 643 [0]
215 493 [0]
492 69 [0]
493 313 [0]
494 738 [0]
232 130 [0]
495 797 [0]
412 315 [0]
173 765 [0]
399 468 [0]
496 217 [0]
497 475 [0]
264 168 [0]
461 126 [0]
498 490 [0]
499 59 [0]
500 10 [0]
501 49 [0]
502 13 [0]
224 425 [0]
503 61 [0]
504 153 [0]
187 579 [0]
505 724 [0]
235 16 [0]
100 51 [0]
506 455 [0]
507 39 [0]
508 20 [0]
509 96 [0]
205 290 [0]
510 18 [0]
511 26 [0]
512 138 [0]
513 216 [0]
514 278 [0]
247 154 [0]
59 0 [0]
74 661 [0]
62 425 [0]
515 7 [0]
516 727 [0]
40 166 [0]
74 696 [0]
517 88 [0]
171 367 [0]
518 386 [0]
394 438 [0]
519 426 [0]
520 781 [0]
521 174 [0]
163 772 [0]
522 141 [0]
523 256 [0]
524 4 [0]
525 689 [0]
526 532 [0]
179 98 [0]
254 272 [0]
164 443 [0]
213 459 [0]
527 152 [0]
276 242 [0]
528 655 [0]
529 25 [0]
530 37 [0]
531 662 [0]
203 474 [0]
532 757 [0]
533 266 [0]
534 310 [0]
67 502 [0]
535 514 [0]
536 761 [0]
537 139 [0]
329 254 [0]
538 713 [0]
539 49 [0]
540 484 [0]
1 657 [0]
541 722 [0]
542 35 [0]
543 6 [0]
544 638 [0]
545 533 [0]
369 608 [0]
546 23 [0]
547 395 [0]
97 126 [0]
149 502 [0]
548 357 [0]
286 350 [0]
549 384 [0]
184 746 [0]
550 564 [0]
126 348 [0]
551 5 [0]
552 100 [0]
553 26 [0]
554 369 [0]
95 288 [0]
555 40 [0]
290 531 [0]
208 558 [0]
556 580 [0]
484 702 [0]
557 168 [0]
510 700 [0]
558 204 [0]
559 587 [0]
560 5 [0]
561 482 [0]
562 61 [0]
563 41 [0]
97 2 [0]
564 739 [0]
565 429 [0]
566 439 [0]
415 734 [0]
567 3 [0]
6 79 [0]
568 231 [0]
569 15 [0]
237 647 [0]
570 433 [0]
571 137 [0]
117 126 [0]
261 173 [0]
315 209 [0]
572 219 [0]
573 345 [0]
490 238 [0]
574 397 [0]
575 672 [0]
396 198 [0]
455 651 [0]
342 584 [0]
0 208 [0]
576 671 [0]
577 288 [0]
110 473 [0]
578 83 [0]
62 732 [0]
579 222 [0]
580 65 [0]
581 589 [0]
582 272 [0]
583 3 [0]
584 648 [0]
585 0 [0]
586 97 [0]
587 646 [0]
338 530 [0]
588 313 [0]
589 573 [0]
590 774 [0]
591 25 [0]
592 583 [0]
593 32 [0]
594 98 [0]
595 622 [0]
596 790 [0]
343 166 [0]
597 660 [0]
598 138 [0]
329 243 [0]
343 334 [0]
599 634 [0]
600 718 [0]
601 703 [0]
602 740 [0]
424 652 [0]
603 391 [0]
287 294 [0]
604 368 [0]
605 461 [0]
606 244 [0]
607 195 [0]
608 327 [0]
346 716 [0]
567 291 [0]
609 285 [0]
610 163 [0]
611 365 [0]
612 444 [0]
613 719 [0]
614 361 [0]
173 663 [0]
615 105 [0]
616 312 [0]
617 427 [0]
618 312 [0]
23 10 [0]
198 261 [0]
619 649 [0]
392 232 [0]
620 534 [0]
296 588 [0]
16 84 [0]
473 762 [0]
621 298 [0]
65 701 [0]
622 712 [0]
623 12 [0]
624 190 [0]
625 666 [0]
549 257 [0]
626 756 [0]
472 522 [0]
25 570 [0]
627 142 [0]
628 269 [0]
629 362 [0]
630 637 [0]
631 31 [0]
59 262 [0]
632 460 [0]
633 57 [0]
634 542 [0]
626 4 [0]
635 328 [0]
172 5 [0]
636 413 [0]
576 768 [0]
463 56 [0]
456 495 [0]
637 277 [0]
638 6 [0]
639 751 [0]
640 503 [0]
641 153 [0]
497 250 [0]
642 335 [0]
643 563 [0]
586 2 [0]
637 44 [0]
43 406 [0]
240 566 [0]
439 531 [0]
644 551 [0]
238 23 [0]
106 616 [0]
645 237 [0]
646 128 [0]
534 208 [0]
215 65 [0]
329 637 [0]
647 495 [0]
648 735 [0]
649 326 [0]
283 171 [0]
35 609 [0]
650 202 [0]
41 4 [0]
364 153 [0]
364 676 [0]
60 51 [0]
651 194 [0]
164 124 [0]
497 297 [0]
652 538 [0]
653 500 [0]
654 711 [0]
655 260 [0]
656 275 [0]
657 489 [0]
658 184 [0]
659 249 [0]
326 10 [0]
236 119 [0]
660 105 [0]
627 173 [0]
104 212 [0]
661 67 [0]
593 109 [0]
662 205 [0]
138 46 [0]
663 454 [0]
664 418 [0]
665 430 [0]
666 609 [0]
667 302 [0]
668 113 [0]
669 88 [0]
87 464 [0]
670 399 [0]
235 23 [0]
671 394 [0]
672 758 [0]
673 149 [0]
673 692 [0]
583 131 [0]
620 208 [0]
674 658 [0]
675 590 [0]
676 382 [0]
677 585 [0]
678 2 [0]
679 509 [0]
218 660 [0]
680 476 [0]
681 145 [0]
682 232 [0]
302 705 [0]
683 106 [0]
684 436 [0]
685 308 [0]
403 23 [0]
686 150 [0]
687 20 [0]
688 167 [0]
689 392 [0]
507 173 [0]
130 545 [0]
690 286 [0]
691 607 [0]
692 296 [0]
693 319 [0]
694 123 [0]
0 603 [0]
695 204 [0]
696 281 [0]
697 21 [0]
698 298 [0]
699 415 [0]
83 254 [0]
700 169 [0]
206 348 [0]
16 330 [0]
466 443 [0]
59 404 [0]
701 493 [0]
10 649 [0]
239 6 [0]
702 154 [0]
703 301 [0]
9 438 [0]
148 423 [0]
154 522 [0]
704 53 [0]
531 566 [0]
705 52 [0]
706 289 [0]
707 88 [0]
708 191 [0]
4 445 [0]
709 650 [0]
710 760 [0]
619 326 [0]
711 0 [0]
59 476 [0]
712 119 [0]
713 123 [0]
714 9 [0]
715 300 [0]
78 549 [0]
716 165 [0]
570 591 [0]
6 544 [0]
717 6 [0]
718 552 [0]
719 614 [0]
720 97 [0]
721 25 [0]
722 102 [0]
723 27 [0]
724 0 [0]
449 21 [0]
725 618 [0]
726 109 [0]
727 682 [0]
728 106 [0]
729 84 [0]
377 706 [0]
730 451 [0]
731 97 [0]
81 103 [0]
732 367 [0]
354 88 [0]
733 681 [0]
734 58 [0]
735 11 [0]
25 275 [0]
619 333 [0]
736 189 [0]
737 40 [0]
738 72 [0]
386 102 [0]
739 4 [0]
740 246 [0]
741 42 [0]
742 400 [0]
52 88 [0]
151 643 [0]
743 370 [0]
744 62 [0]
745 276 [0]
76 740 [0]
52 555 [0]
746 317 [0]
747 221 [0]
748 85 [0]
686 374 [0]
749 748 [0]
750 277 [0]
751 799 [0]
752 129 [0]
753 150 [0]
32 370 [0]
754 530 [0]
755 485 [0]
756 445 [0]
757 463 [0]
693 533 [0]
758 40 [0]
759 104 [0]
760 273 [0]
761 752 [0]
131 567 [0]
762 302 [0]
763 323 [0]
764 160 [0]
765 142 [0]
766 43 [0]
455 194 [0]
767 470 [0]
768 179 [0]
769 518 [0]
210 601 [0]
770 149 [0]
771 782 [0]
44 630 [0]
772 257 [0]
773 469 [0]
553 38 [0]
392 525 [0]
716 192 [0]
774 435 [0]
694 538 [0]
775 283 [0]
776 664 [0]
208 310 [0]
777 467 [0]
502 314 [0]
778 78 [0]
104 321 [0]
140 407 [0]
188 97 [0]
779 168 [0]
780 623 [0]
781 83 [0]
782 134 [0]
783 635 [0]
784 0 [0]
785 126 [0]
326 647 [0]
786 581 [0]
787 82 [0]
788 58 [0]
789 363 [0]
790 473 [0]
791 289 [0]
792 480 [0]
793 80 [0]
304 587 [0]
794 706 [0]
795 362 [0]
447 511 [0]
796 304 [0]
797 333 [0]
798 699 [0]
431 104 [0]
37 582 [0]
718 263 [0]
799 401 [0]
0 28 [0]
1 545 [0]
2 682 [0]
3 311 [0]
1 40 [0]
4 270 [0]
5 161 [0]
6 78 [0]
3 629 [0]
7 266 [0]
5 0 [0]
7 485 [0]
7 526 [0]
2 413 [0]
8 537 [0]
9 68 [0]
10 5 [0]
10 81 [0]
6 657 [0]
11 758 [0]
4 343 [0]
12 483 [0]
11 428 [0]
12 398 [0]
13 22 [0]
3 6 [0]
2 358 [0]
14 58 [0]
15 144 [0]
16 362 [0]
7 60 [0]
17 6 [0]
18 411 [0]
15 594 [0]
19 0 [0]
20 43 [0]
21 0 [0]
22 169 [0]
23 99 [0]
24 107 [0]
25 170 [0]
26 776 [0]
27 209 [0]
28 668 [0]
8 246 [0]
29 541 [0]
30 598 [0]
3 676 [0]
31 502 [0]
32 507 [0]
0 80 [0]
31 114 [0]
33 324 [0]
34 119 [0]
35 583 [0]
36 251 [0]
37 4 [0]
38 554 [0]
39 201 [0]
40 790 [0]
41 53 [0]
42 30 [0]
43 349 [0]
34 165 [0]
26 395 [0]
25 557 [0]
44 48 [0]
2 607 [0]
45 36 [0]
41 506 [0]
46 730 [0]
1 92 [0]
6 780 [0]
22 451 [0]
47 89 [0]
48 386 [0]
49 98 [0]
6 374 [0]
31 175 [0]
48 139 [0]
50 22 [0]
51 157 [0]
52 269 [0]
16 26 [0]
6 115 [0]
31 342 [0]
53 602 [0]
54 55 [0]
55 686 [0]
11 640 [0]
56 430 [0]
57 443 [0]
37 438 [0]
58 446 [0]
59 172 [0]
60 287 [0]
44 559 [0]
24 1 [0]
4 174 [0]
61 316 [0]
6 458 [0]
62 108 [0]
6 774 [0]
63 36 [0]
64 66 [0]
44 63 [0]
65 129 [0]
56 259 [0]
66 335 [0]
67 126 [0]
68 334 [0]
62 1 [0]
22 35 [0]
69 38 [0]
59 162 [0]
70 449 [0]
71 795 [0]
72 781 [0]
11 705 [0]
73 77 [0]
74 306 [0]
75 317 [0]
76 688 [0]
77 104 [0]
31 683 [0]
78 239 [0]
54 665 [0]
79 792 [0]
80 56 [0]
81 271 [0]
82 186 [0]
83 11 [0]
84 128 [0]
85 46 [0]
86 27 [0]
87 262 [0]
88 751 [0]
39 524 [0]
21 25 [0]
30 166 [0]
52 409 [0]
89 86 [0]
90 303 [0]
91 778 [0]
41 183 [0]
11 429 [0]
2 145 [0]
92 237 [0]
59 617 [0]
93 146 [0]
94 405 [0]
8 610 [0]
95 367 [0]
96 768 [0]
97 654 [0]
16 217 [0]
98 283 [0]
99 10 [0]
100 30 [0]
101 622 [0]
102 493 [0]
36 621 [0]
31 672 [0]
103 797 [0]
104 6 [0]
94 53 [0]
105 24 [0]
106 4 [0]
107 62 [0]
108 773 [0]
4 592 [0]
84 202 [0]
109 14 [0]
110 151 [0]
1 12 [0]
111 575 [0]
112 745 [0]
113 556 [0]
2 397 [0]
114 293 [0]
115 282 [0]
116 652 [0]
117 454 [0]
118 132 [0]
18 627 [0]
119 242 [0]
120 656 [0]
94 567 [0]
88 158 [0]
91 97 [0]
121 200 [0]
122 447 [0]
123 203 [0]
95 487 [0]
124 570 [0]
125 160 [0]
126 366 [0]
3 710 [0]
0 177 [0]
127 737 [0]
128 49 [0]
129 721 [0]
130 20 [0]
131 382 [0]
132 314 [0]
133 337 [0]
134 472 [0]
4 601 [0]
135 122 [0]
136 87 [0]
137 273 [0]
28 150 [0]
10 4 [0]
55 211 [0]
106 180 [0]
138 187 [0]
139 63 [0]
140 333 [0]
92 788 [0]
141 799 [0]
62 439 [0]
0 432 [0]
142 17 [0]
83 51 [0]
143 566 [0]
141 796 [0]
130 184 [0]
144 277 [0]
4 347 [0]
145 289 [0]
146 404 [0]
6 363 [0]
147 569 [0]
36 30 [0]
148 354 [0]
10 713 [0]
149 124 [0]
150 355 [0]
151 5 [0]
152 383 [0]
153 495 [0]
94 159 [0]
141 55 [0]
154 396 [0]
125 417 [0]
155 431 [0]
156 94 [0]
112 44 [0]
157 210 [0]
158 84 [0]
63 402 [0]
159 15 [0]
160 18 [0]
161 102 [0]
7 328 [0]
162 517 [0]
163 50 [0]
164 17 [0]
165 551 [0]
16 59 [0]
166 582 [0]
167 720 [0]
168 141 [0]
70 736 [0]
169 279 [0]
170 320 [0]
171 523 [0]
0 659 [0]
4 761 [0]
172 655 [0]
173 492 [0]
174 84 [0]
175 22 [0]
62 531 [0]
150 0 [0]
176 214 [0]
177 215 [0]
178 351 [0]
179 72 [0]
166 36 [0]
10 33 [0]
6 690 [0]
180 547 [0]
181 148 [0]
167 66 [0]
182 772 [0]
183 95 [0]
184 233 [0]
185 332 [0]
186 763 [0]
167 224 [0]
21 60 [0]
156 106 [0]
187 641 [0]
11 198 [0]
188 448 [0]
189 118 [0]
190 123 [0]
191 258 [0]
192 568 [0]
193 120 [0]
84 49 [0]
194 364 [0]
3 213 [0]
195 199 [0]
196 457 [0]
34 79 [0]
197 101 [0]
198 191 [0]
199 59 [0]
192 632 [0]
200 675 [0]
7 117 [0]
201 765 [0]
202 98 [0]
203 614 [0]
204 0 [0]
92 50 [0]
95 202 [0]
205 746 [0]
206 381 [0]
207 529 [0]
208 280 [0]
209 616 [0]
210 534 [0]
211 631 [0]
31 118 [0]
190 198 [0]
212 510 [0]
39 331 [0]
213 1 [0]
27 218 [0]
214 143 [0]
215 634 [0]
216 728 [0]
217 318 [0]
218 695 [0]
219 39 [0]
220 6 [0]
221 608 [0]
222 264 [0]
223 216 [0]
224 17 [0]
225 13 [0]
226 581 [0]
227 357 [0]
79 245 [0]
228 33 [0]
229 527 [0]
230 384 [0]
1 375 [0]
231 228 [0]
159 53 [0]
232 106 [0]
39 555 [0]
233 43 [0]
7 356 [0]
120 760 [0]
234 195 [0]
235 42 [0]
236 550 [0]
237 662 [0]
238 770 [0]
190 93 [0]
4 223 [0]
143 18 [0]
239 762 [0]
240 21 [0]
241 47 [0]
242 407 [0]
221 83 [0]
243 348 [0]
7 645 [0]
243 726 [0]
78 460 [0]
244 135 [0]
183 565 [0]
245 12 [0]
246 482 [0]
167 441 [0]
247 369 [0]
248 361 [0]
249 136 [0]
4 167 [0]
250 619 [0]
251 508 [0]
252 15 [0]
253 426 [0]
21 455 [0]
54 110 [0]
88 174 [0]
230 308 [0]
49 624 [0]
254 156 [0]
255 436 [0]
256 609 [0]
49 406 [0]
257 32 [0]
258 177 [0]
182 106 [0]
259 193 [0]
106 94 [0]
116 0 [0]
253 360 [0]
260 69 [0]
261 284 [0]
262 285 [0]
263 188 [0]
264 433 [0]
223 636 [0]
46 74 [0]
213 399 [0]
143 543 [0]
252 159 [0]
265 437 [0]
235 414 [0]
266 385 [0]
153 147 [0]
267 281 [0]
0 87 [0]
268 286 [0]
269 418 [0]
183 174 [0]
270 185 [0]
271 4 [0]
120 302 [0]
183 84 [0]
272 247 [0]
273 593 [0]
274 701 [0]
275 528 [0]
276 330 [0]
277 94 [0]
60 14 [0]
251 275 [0]
26 521 [0]
278 197 [0]
279 571 [0]
280 387 [0]
281 88 [0]
282 268 [0]
283 41 [0]
284 794 [0]
285 0 [0]
286 100 [0]
287 741 [0]
50 377 [0]
284 1 [0]
288 182 [0]
75 702 [0]
289 142 [0]
250 464 [0]
290 478 [0]
203 685 [0]
70 173 [0]
291 232 [0]
75 300 [0]
292 499 [0]
4 497 [0]
293 365 [0]
294 511 [0]
238 211 [0]
295 670 [0]
11 17 [0]
296 378 [0]
297 109 [0]
298 488 [0]
299 312 [0]
300 221 [0]
301 514 [0]
302 261 [0]
303 241 [0]
304 169 [0]
100 346 [0]
74 412 [0]
305 13 [0]
184 749 [0]
306 243 [0]
301 481 [0]
194 722 [0]
307 388 [0]
308 467 [0]
309 577 [0]
230 44 [0]
11 323 [0]
223 459 [0]
310 22 [0]
264 368 [0]
246 480 [0]
311 359 [0]
312 649 [0]
282 473 [0]
313 276 [0]
597 492 [0]
19 444 [0]
314 748 [0]
315 299 [0]
316 667 [0]
317 717 [0]
318 644 [0]
41 604 [0]
319 606 [0]
211 54 [0]
320 573 [0]
144 664 [0]
321 6 [0]
322 533 [0]
323 19 [0]
83 339 [0]
324 137 [0]
325 798 [0]
326 192 [0]
327 344 [0]
328 21 [0]
185 4 [0]
329 292 [0]
213 301 [0]
330 468 [0]
331 32 [0]
332 263 [0]
309 0 [0]
333 509 [0]
334 206 [0]
66 37 [0]
335 134 [0]
314 73 [0]
280 505 [0]
336 532 [0]
337 225 [0]
338 400 [0]
339 564 [0]
8 244 [0]
340 222 [0]
65 137 [0]
32 373 [0]
341 735 [0]
342 626 [0]
343 154 [0]
344 232 [0]
345 141 [0]
29 548 [0]
1 6 [0]
5 110 [0]
346 6 [0]
347 234 [0]
348 35 [0]
219 766 [0]
349 147 [0]
350 235 [0]
351 394 [0]
221 323 [0]
352 421 [0]
353 49 [0]
354 16 [0]
355 227 [0]
356 274 [0]
357 80 [0]
358 57 [0]
359 75 [0]
360 17 [0]
361 440 [0]
362 4 [0]
363 650 [0]
221 19 [0]
2 170 [0]
363 729 [0]
221 75 [0]
34 512 [0]
364 589 [0]
20 184 [0]
365 73 [0]
207 141 [0]
366 205 [0]
367 490 [0]
368 6 [0]
369 785 [0]
370 513 [0]
371 759 [0]
372 630 [0]
373 666 [0]
374 731 [0]
375 6 [0]
318 59 [0]
376 462 [0]
372 494 [0]
377 237 [0]
378 638 [0]
379 16 [0]
380 310 [0]
381 65 [0]
382 434 [0]
383 76 [0]
92 377 [0]
384 392 [0]
385 718 [0]
386 635 [0]
387 6 [0]
158 660 [0]
388 755 [0]
389 79 [0]
390 484 [0]
391 435 [0]
359 574 [0]
392 112 [0]
393 313 [0]
39 257 [0]
394 461 [0]
395 25 [0]
396 229 [0]
397 605 [0]
398 561 [0]
399 6 [0]
319 789 [0]
400 19 [0]
167 134 [0]
401 21 [0]
402 48 [0]
403 248 [0]
404 298 [0]
405 560 [0]
75 76 [0]
406 341 [0]
407 315 [0]
408 639 [0]
331 257 [0]
409 10 [0]
410 220 [0]
411 734 [0]
412 651 [0]
21 491 [0]
413 37 [0]
235 519 [0]
414 275 [0]
415 1 [0]
416 401 [0]
417 128 [0]
418 54 [0]
419 123 [0]
420 179 [0]
421 663 [0]
422 653 [0]
423 618 [0]
424 12 [0]
425 699 [0]
426 194 [0]
427 408 [0]
305 92 [0]
428 51 [0]
429 535 [0]
430 469 [0]
431 31 [0]
432 372 [0]
433 415 [0]
434 389 [0]
435 226 [0]
436 719 [0]
428 363 [0]
437 352 [0]
438 64 [0]
439 6 [0]
440 67 [0]
441 586 [0]
148 59 [0]
442 74 [0]
443 253 [0]
444 11 [0]
445 70 [0]
446 7 [0]
447 8 [0]
448 267 [0]
449 8 [0]
450 236 [0]
21 633 [0]
251 235 [0]
6 264 [0]
451 176 [0]
452 486 [0]
453 456 [0]
197 80 [0]
63 336 [0]
84 539 [0]
108 439 [0]
454 538 [0]
455 588 [0]
456 613 [0]
197 56 [0]
457 90 [0]
458 11 [0]
459 53 [0]
460 8 [0]
461 646 [0]
462 230 [0]
463 572 [0]
137 779 [0]
464 202 [0]
465 23 [0]
466 95 [0]
405 711 [0]
467 576 [0]
468 579 [0]
469 716 [0]
470 255 [0]
471 196 [0]
106 504 [0]
472 329 [0]
183 584 [0]
458 428 [0]
473 321 [0]
36 386 [0]
474 138 [0]
475 83 [0]
476 34 [0]
477 113 [0]
424 237 [0]
478 190 [0]
480 786 [0]
93 325 [0]
481 284 [0]
482 442 [0]
483 34 [0]
385 7 [0]
485 178 [0]
486 110 [0]
487 98 [0]
246 540 [0]
488 390 [0]
270 130 [0]
7 623 [0]
489 304 [0]
490 704 [0]
491 5 [0]
492 97 [0]
493 587 [0]
494 19 [0]
495 596 [0]
496 34 [0]
497 66 [0]
498 5 [0]
499 693 [0]
500 322 [0]
501 265 [0]
19 11 [0]
502 85 [0]
503 94 [0]
504 754 [0]
505 314 [0]
506 553 [0]
222 6 [0]
507 723 [0]
282 6 [0]
508 350 [0]
509 724 [0]
83 75 [0]
510 580 [0]
511 353 [0]
512 257 [0]
138 92 [0]
83 429 [0]
513 501 [0]
514 3 [0]
515 637 [0]
516 684 [0]
517 181 [0]
518 46 [0]
519 552 [0]
6 505 [0]
520 219 [0]
396 642 [0]
521 562 [0]
522 168 [0]
523 544 [0]
524 612 [0]
525 515 [0]
526 673 [0]
0 740 [0]
15 31 [0]
70 625 [0]
527 212 [0]
528 48 [0]
185 448 [0]
529 546 [0]
530 425 [0]
531 24 [0]
532 36 [0]
533 307 [0]
534 152 [0]
49 681 [0]
535 221 [0]
536 58 [0]
537 403 [0]
432 11 [0]
538 416 [0]
539 466 [0]
540 756 [0]
541 105 [0]
542 452 [0]
543 163 [0]
531 1 [0]
15 431 [0]
448 281 [0]
95 98 [0]
544 679 [0]
545 261 [0]
546 345 [0]
547 288 [0]
548 578 [0]
549 231 [0]
550 669 [0]
183 712 [0]
551 149 [0]
552 36 [0]
64 750 [0]
504 182 [0]
553 223 [0]
554 465 [0]
555 496 [0]
556 301 [0]
557 7 [0]
107 108 [0]
558 155 [0]
559 171 [0]
24 40 [0]
560 61 [0]
561 10 [0]
535 83 [0]
562 7 [0]
286 6 [0]
563 153 [0]
564 709 [0]
26 25 [0]
59 452 [0]
565 98 [0]
566 121 [0]
147 272 [0]
567 530 [0]
568 20 [0]
60 58 [0]
569 771 [0]
570 5 [0]
571 470 [0]
63 687 [0]
572 133 [0]
573 116 [0]
574 3 [0]
575 91 [0]
576 44 [0]
183 98 [0]
140 36 [0]
577 204 [0]
578 108 [0]
403 246 [0]
579 254 [0]
580 661 [0]
368 694 [0]
581 15 [0]
582 140 [0]
583 463 [0]
584 4 [0]
222 1 [0]
585 474 [0]
586 422 [0]
587 595 [0]
588 7 [0]
589 17 [0]
590 615 [0]
591 82 [0]
592 295 [0]
120 700 [0]
593 9 [0]
594 558 [0]
595 423 [0]
505 387 [0]
596 130 [0]
597 46 [0]
598 4 [0]
599 697 [0]
600 603 [0]
284 302 [0]
601 55 [0]
443 289 [0]
523 336 [0]
602 658 [0]
603 27 [0]
279 470 [0]
25 328 [0]
604 98 [0]
605 64 [0]
606 71 [0]
607 16 [0]
43 739 [0]
396 580 [0]
608 3 [0]
609 29 [0]
48 733 [0]
430 278 [0]
556 481 [0]
610 46 [0]
611 309 [0]
612 131 [0]
613 477 [0]
614 93 [0]
203 93 [0]
560 226 [0]
193 430 [0]
615 51 [0]
616 516 [0]
617 628 [0]
618 96 [0]
619 84 [0]
620 714 [0]
621 48 [0]
622 1 [0]
623 16 [0]
624 22 [0]
625 342 [0]
626 8 [0]
509 166 [0]
627 272 [0]
628 58 [0]
629 19 [0]
630 783 [0]
84 696 [0]
339 75 [0]
631 110 [0]
395 557 [0]
83 428 [0]
632 130 [0]
633 127 [0]
634 290 [0]
198 123 [0]
391 48 [0]
635 45 [0]
297 606 [0]
636 327 [0]
44 698 [0]
637 479 [0]
531 107 [0]
638 79 [0]
542 59 [0]
639 147 [0]
94 530 [0]
640 164 [0]
641 305 [0]
642 510 [0]
643 471 [0]
456 284 [0]
504 180 [0]
644 784 [0]
523 44 [0]
217 536 [0]
645 217 [0]
545 284 [0]
646 500 [0]
647 36 [0]
648 2 [0]
649 520 [0]
650 590 [0]
220 108 [0]
24 609 [0]
11 372 [0]
651 126 [0]
652 611 [0]
653 17 [0]
632 568 [0]
372 742 [0]
654 111 [0]
655 725 [0]
656 3 [0]
657 44 [0]
658 252 [0]
659 450 [0]
660 599 [0]
177 190 [0]
661 207 [0]
662 163 [0]
651 74 [0]
663 338 [0]
664 671 [0]
208 342 [0]
159 503 [0]
134 66 [0]
665 10 [0]
666 476 [0]
198 478 [0]
135 447 [0]
667 678 [0]
668 1 [0]
669 2 [0]
670 782 [0]
671 707 [0]
223 584 [0]
672 189 [0]
650 680 [0]
673 379 [0]
674 744 [0]
150 80 [0]
675 18 [0]
255 752 [0]
676 420 [0]
677 764 [0]
678 743 [0]
679 336 [0]
680 703 [0]
681 511 [0]
292 134 [0]
682 25 [0]
683 70 [0]
684 585 [0]
685 325 [0]
686 238 [0]
633 498 [0]
687 48 [0]
7 25 [0]
70 610 [0]
250 95 [0]
688 525 [0]
523 559 [0]
689 503 [0]
690 157 [0]
691 787 [0]
692 691 [0]
246 46 [0]
693 167 [0]
694 767 [0]
564 83 [0]
695 29 [0]
696 599 [0]
697 174 [0]
698 36 [0]
699 4 [0]
700 284 [0]
19 608 [0]
701 240 [0]
702 738 [0]
350 251 [0]
703 51 [0]
657 48 [0]
0 1 [0]
50 305 [0]
704 250 [0]
705 370 [0]
568 130 [0]
304 49 [0]
663 501 [0]
706 260 [0]
707 689 [0]
708 22 [0]
709 75 [0]
710 76 [0]
338 513 [0]
711 4 [0]
613 453 [0]
523 36 [0]
712 620 [0]
289 358 [0]
345 207 [0]
713 522 [0]
714 506 [0]
715 648 [0]
716 732 [0]
270 263 [0]
717 475 [0]
718 26 [0]
584 174 [0]
430 716 [0]
719 294 [0]
720 6 [0]
721 727 [0]
722 289 [0]
243 209 [0]
3 399 [0]
723 296 [0]
724 36 [0]
725 542 [0]
167 605 [0]
726 371 [0]
397 438 [0]
75 717 [0]
727 775 [0]
728 291 [0]
729 157 [0]
730 173 [0]
731 376 [0]
732 747 [0]
733 63 [0]
354 59 [0]
734 424 [0]
735 489 [0]
736 597 [0]
580 229 [0]
70 597 [0]
623 562 [0]
737 498 [0]
738 769 [0]
652 309 [0]
739 147 [0]
740 372 [0]
233 427 [0]
238 4 [0]
162 181 [0]
28 1 [0]
741 127 [0]
742 11 [0]
743 793 [0]
431 757 [0]
744 391 [0]
745 647 [0]
746 643 [0]
747 278 [0]
131 434 [0]
748 208 [0]
134 329 [0]
426 360 [0]
720 598 [0]
572 13 [0]
749 427 [0]
633 5 [0]
750 37 [0]
751 326 [0]
91 111 [0]
752 489 [0]
753 210 [0]
250 466 [0]
754 288 [0]
444 705 [0]
653 586 [0]
755 117 [0]
756 518 [0]
8 280 [0]
757 594 [0]
758 419 [0]
759 380 [0]
656 301 [0]
289 57 [0]
77 6 [0]
167 17 [0]
760 1 [0]
761 141 [0]
762 244 [0]
748 280 [0]
763 249 [0]
39 512 [0]
288 504 [0]
764 445 [0]
765 257 [0]
1 264 [0]
766 12 [0]
767 791 [0]
505 73 [0]
768 319 [0]
769 753 [0]
770 59 [0]
605 438 [0]
430 197 [0]
771 125 [0]
772 777 [0]
773 410 [0]
774 103 [0]
775 706 [0]
732 1 [0]
776 715 [0]
777 393 [0]
65 334 [0]
364 17 [0]
778 677 [0]
779 228 [0]
540 610 [0]
59 655 [0]
780 340 [0]
781 591 [0]
682 170 [0]
782 18 [0]
458 363 [0]
783 11 [0]
784 536 [0]
785 563 [0]
670 4 [0]
231 12 [0]
786 46 [0]
787 297 [0]
788 600 [0]
789 59 [0]
790 256 [0]
791 1 [0]
792 549 [0]
20 233 [0]
793 4 [0]
794 453 [0]
84 250 [0]
795 692 [0]
796 54 [0]
797 674 [0]
798 190 [0]
773 220 [0]
799 52 [0]
7 217 [0]
1 497 [0]
2 35 [0]
3 704 [0]
4 315 [0]
5 357 [0]
6 619 [0]
7 132 [0]
8 76 [0]
9 391 [0]
10 512 [0]
9 118 [0]
11 345 [0]
12 18 [0]
11 206 [0]
13 207 [0]
14 135 [0]
15 55 [0]
2 616 [0]
16 371 [0]
8 659 [0]
17 416 [0]
18 439 [0]
16 401 [0]
19 587 [0]
10 39 [0]
20 478 [0]
15 47 [0]
21 299 [0]
23 571 [0]
19 254 [0]
24 706 [0]
25 576 [0]
26 160 [0]
27 404 [0]
28 403 [0]
29 661 [0]
30 730 [0]
31 171 [0]
15 0 [0]
32 558 [0]
12 532 [0]
33 660 [0]
34 137 [0]
35 188 [0]
36 50 [0]
25 313 [0]
27 70 [0]
11 626 [0]
37 409 [0]
38 494 [0]
39 620 [0]
40 104 [0]
41 540 [0]
42 768 [0]
43 562 [0]
44 266 [0]
45 277 [0]
11 468 [0]
46 350 [0]
47 185 [0]
48 5 [0]
49 671 [0]
51 467 [0]
52 85 [0]
53 640 [0]
54 491 [0]
8 764 [0]
55 446 [0]
37 25 [0]
56 327 [0]
2 408 [0]
57 651 [0]
58 400 [0]
21 603 [0]
59 470 [0]
60 617 [0]
61 231 [0]
45 20 [0]
62 542 [0]
63 578 [0]
7 369 [0]
64 10 [0]
65 120 [0]
66 22 [0]
67 281 [0]
68 276 [0]
69 594 [0]
63 520 [0]
44 144 [0]
70 502 [0]
71 33 [0]
45 147 [0]
72 486 [0]
73 499 [0]
42 657 [0]
74 397 [0]
75 303 [0]
76 122 [0]
77 711 [0]
78 97 [0]
79 165 [0]
80 675 [0]
81 687 [0]
82 790 [0]
83 16 [0]
84 336 [0]
85 380 [0]
50 549 [0]
86 333 [0]
87 0 [0]
88 67 [0]
16 32 [0]
89 267 [0]
29 602 [0]
90 202 [0]
42 330 [0]
32 6 [0]
91 130 [0]
92 503 [0]
93 487 [0]
21 79 [0]
94 123 [0]
95 377 [0]
96 175 [0]
97 125 [0]
53 287 [0]
98 347 [0]
99 536 [0]
96 44 [0]
21 214 [0]
100 258 [0]
101 398 [0]
102 126 [0]
103 490 [0]
104 181 [0]
105 405 [0]
106 582 [0]
107 435 [0]
63 373 [0]
108 650 [0]
109 538 [0]
48 308 [0]
39 453 [0]
110 550 [0]
111 506 [0]
108 394 [0]
112 362 [0]
113 554 [0]
114 339 [0]
115 129 [0]
43 507 [0]
116 447 [0]
117 272 [0]
118 213 [0]
34 355 [0]
119 474 [0]
120 705 [0]
121 268 [0]
70 454 [0]
76 539 [0]
122 116 [0]
63 324 [0]
123 321 [0]
124 264 [0]
20 84 [0]
125 189 [0]
126 322 [0]
78 278 [0]
127 48 [0]
128 72 [0]
129 42 [0]
130 359 [0]
131 52 [0]
9 34 [0]
130 86 [0]
132 779 [0]
75 643 [0]
133 418 [0]
134 148 [0]
135 544 [0]
136 93 [0]
137 65 [0]
66 368 [0]
45 211 [0]
138 89 [0]
139 701 [0]
82 707 [0]
140 240 [0]
6 311 [0]
58 44 [0]
141 774 [0]
142 235 [0]
2 662 [0]
143 57 [0]
106 363 [0]
144 798 [0]
145 712 [0]
8 40 [0]
146 778 [0]
147 2 [0]
148 728 [0]
149 748 [0]
150 161 [0]
21 775 [0]
151 763 [0]
152 648 [0]
153 628 [0]
107 163 [0]
0 297 [0]
154 109 [0]
155 501 [0]
65 488 [0]
156 131 [0]
99 65 [0]
157 399 [0]
158 786 [0]
156 108 [0]
139 559 [0]
159 226 [0]
160 634 [0]
161 53 [0]
162 40 [0]
163 108 [0]
164 309 [0]
165 19 [0]
9 799 [0]
166 162 [0]
56 55 [0]
139 155 [0]
34 485 [0]
167 560 [0]
145 356 [0]
168 103 [0]
169 2 [0]
170 516 [0]
63 437 [0]
172 14 [0]
70 477 [0]
108 305 [0]
173 17 [0]
174 649 [0]
175 543 [0]
175 225 [0]
176 389 [0]
58 86 [0]
177 0 [0]
178 570 [0]
179 683 [0]
180 555 [0]
119 593 [0]
175 44 [0]
161 63 [0]
181 201 [0]
520 60 [0]
70 161 [0]
43 370 [0]
97 524 [0]
162 663 [0]
182 70 [0]
165 130 [0]
71 97 [0]
183 652 [0]
184 673 [0]
185 283 [0]
186 534 [0]
187 496 [0]
188 360 [0]
189 581 [0]
145 777 [0]
174 510 [0]
70 480 [0]
21 208 [0]
190 197 [0]
191 546 [0]
161 60 [0]
192 732 [0]
193 44 [0]
194 354 [0]
195 500 [0]
196 12 [0]
197 40 [0]
181 63 [0]
198 320 [0]
199 95 [0]
200 83 [0]
201 672 [0]
202 167 [0]
203 280 [0]
204 152 [0]
205 722 [0]
15 743 [0]
206 271 [0]
2 721 [0]
207 15 [0]
63 257 [0]
131 198 [0]
208 96 [0]
209 338 [0]
156 530 [0]
210 415 [0]
211 133 [0]
212 261 [0]
213 194 [0]
2 54 [0]
214 420 [0]
215 421 [0]
216 636 [0]
217 595 [0]
218 680 [0]
219 10 [0]
220 511 [0]
221 11 [0]
222 77 [0]
104 422 [0]
199 591 [0]
51 344 [0]
223 203 [0]
224 153 [0]
225 527 [0]
226 179 [0]
227 71 [0]
228 121 [0]
229 250 [0]
34 388 [0]
230 142 [0]
231 608 [0]
232 346 [0]
233 8 [0]
234 433 [0]
235 553 [0]
236 455 [0]
237 98 [0]
238 475 [0]
239 765 [0]
240 80 [0]
241 573 [0]
0 20 [0]
242 529 [0]
243 252 [0]
244 25 [0]
217 40 [0]
245 228 [0]
95 270 [0]
45 785 [0]
222 62 [0]
8 269 [0]
246 791 [0]
136 19 [0]
242 514 [0]
82 462 [0]
247 204 [0]
248 343 [0]
249 210 [0]
250 8 [0]
56 638 [0]
251 2 [0]
20 133 [0]
252 406 [0]
2 247 [0]
149 81 [0]
253 653 [0]
254 128 [0]
96 599 [0]
255 8 [0]
256 329 [0]
45 133 [0]
257 645 [0]
258 319 [0]
259 782 [0]
260 251 [0]
115 747 [0]
261 37 [0]
262 217 [0]
2 114 [0]
75 395 [0]
263 670 [0]
264 667 [0]
265 519 [0]
266 7 [0]
267 792 [0]
268 209 [0]
269 600 [0]
270 124 [0]
271 286 [0]
272 428 [0]
273 38 [0]
239 647 [0]
274 424 [0]
191 448 [0]
275 111 [0]
58 266 [0]
276 110 [0]
73 207 [0]
277 145 [0]
278 152 [0]
279 31 [0]
152 642 [0]
280 242 [0]
2 365 [0]
81 698 [0]
281 275 [0]
199 531 [0]
282 190 [0]
283 353 [0]
284 393 [0]
285 157 [0]
286 193 [0]
9 342 [0]
287 725 [0]
266 417 [0]
0 164 [0]
21 96 [0]
288 176 [0]
289 90 [0]
290 62 [0]
203 574 [0]
291 639 [0]
292 633 [0]
293 74 [0]
294 641 [0]
79 464 [0]
295 746 [0]
296 12 [0]
246 596 [0]
38 74 [0]
297 102 [0]
298 436 [0]
139 481 [0]
299 237 [0]
300 212 [0]
301 724 [0]
278 605 [0]
302 606 [0]
285 199 [0]
303 699 [0]
140 412 [0]
304 242 [0]
76 407 [0]
305 787 [0]
36 165 [0]
306 21 [0]
307 298 [0]
130 232 [0]
308 585 [0]
309 20 [0]
70 676 [0]
310 793 [0]
311 191 [0]
312 180 [0]
313 234 [0]
198 476 [0]
47 178 [0]
301 155 [0]
314 387 [0]
315 509 [0]
3 155 [0]
316 537 [0]
317 13 [0]
318 30 [0]
319 695 [0]
320 108 [0]
321 23 [0]
322 84 [0]
79 382 [0]
205 34 [0]
323 457 [0]
324 174 [0]
325 613 [0]
326 15 [0]
21 685 [0]
63 693 [0]
70 666 [0]
327 719 [0]
328 493 [0]
99 32 [0]
329 260 [0]
243 473 [0]
330 483 [0]
331 187 [0]
164 312 [0]
304 515 [0]
332 563 [0]
333 106 [0]
334 3 [0]
116 292 [0]
335 332 [0]
336 133 [0]
337 60 [0]
32 311 [0]
338 262 [0]
339 236 [0]
340 141 [0]
341 173 [0]
342 155 [0]
176 254 [0]
223 413 [0]
343 723 [0]
2 246 [0]
60 162 [0]
344 81 [0]
345 212 [0]
346 36 [0]
347 737 [0]
47 717 [0]
348 58 [0]
349 11 [0]
239 604 [0]
86 348 [0]
60 761 [0]
350 149 [0]
27 163 [0]
351 41 [0]
352 668 [0]
353 178 [0]
354 168 [0]
355 265 [0]
155 9 [0]
356 372 [0]
357 59 [0]
358 715 [0]
359 348 [0]
360 233 [0]
361 12 [0]
161 242 [0]
292 330 [0]
362 92 [0]
363 414 [0]
364 341 [0]
365 12 [0]
366 568 [0]
367 127 [0]
368 97 [0]
369 762 [0]
370 677 [0]
371 238 [0]
372 147 [0]
373 104 [0]
269 431 [0]
374 323 [0]
375 411 [0]
376 381 [0]
42 116 [0]
116 76 [0]
319 588 [0]
377 219 [0]
378 561 [0]
166 63 [0]
379 283 [0]
380 757 [0]
381 484 [0]
382 19 [0]
383 82 [0]
384 140 [0]
385 655 [0]
386 9 [0]
104 611 [0]
387 317 [0]
155 460 [0]
368 71 [0]
115 42 [0]
388 300 [0]
389 136 [0]
390 525 [0]
391 577 [0]
392 443 [0]
100 319 [0]
393 295 [0]
394 182 [0]
395 750 [0]
53 358 [0]
10 377 [0]
396 195 [0]
397 49 [0]
40 513 [0]
399 402 [0]
400 7 [0]
401 432 [0]
84 126 [0]
402 199 [0]
361 2 [0]
143 11 [0]
403 385 [0]
404 489 [0]
66 575 [0]
405 441 [0]
406 366 [0]
21 440 [0]
407 115 [0]
408 780 [0]
409 434 [0]
410 65 [0]
365 296 [0]
275 378 [0]
411 61 [0]
237 370 [0]
412 445 [0]
379 669 [0]
34 265 [0]
382 165 [0]
413 161 [0]
75 73 [0]
292 690 [0]
415 53 [0]
416 678 [0]
417 21 [0]
131 85 [0]
418 61 [0]
419 170 [0]
420 772 [0]
421 11 [0]
146 11 [0]
422 195 [0]
147 356 [0]
409 34 [0]
423 290 [0]
105 2 [0]
240 159 [0]
411 637 [0]
424 294 [0]
425 739 [0]
96 219 [0]
426 76 [0]
383 205 [0]
338 8 [0]
427 2 [0]
428 87 [0]
10 466 [0]
429 492 [0]
430 151 [0]
431 426 [0]
432 158 [0]
374 108 [0]
433 200 [0]
434 741 [0]
435 291 [0]
394 70 [0]
45 411 [0]
436 328 [0]
437 11 [0]
88 444 [0]
256 770 [0]
404 198 [0]
438 463 [0]
434 436 [0]
439 618 [0]
440 406 [0]
441 312 [0]
442 69 [0]
443 154 [0]
444 275 [0]
445 335 [0]
446 246 [0]
447 115 [0]
448 784 [0]
449 45 [0]
450 273 [0]
451 449 [0]
452 53 [0]
453 95 [0]
454 11 [0]
132 58 [0]
455 2 [0]
456 79 [0]
225 243 [0]
457 465 [0]
458 451 [0]
459 0 [0]
460 528 [0]
461 569 [0]
197 53 [0]
462 386 [0]
278 204 [0]
463 81 [0]
251 646 [0]
464 522 [0]
465 697 [0]
453 377 [0]
380 548 [0]
466 127 [0]
467 523 [0]
468 99 [0]
469 131 [0]
191 32 [0]
470 340 [0]
471 138 [0]
472 264 [0]
473 590 [0]
474 392 [0]
272 148 [0]
475 630 [0]
252 390 [0]
255 292 [0]
476 614 [0]
477 586 [0]
478 102 [0]
479 198 [0]
162 612 [0]
421 758 [0]
480 108 [0]
481 541 [0]
389 19 [0]
482 263 [0]
225 44 [0]
483 255 [0]
484 306 [0]
485 352 [0]
486 288 [0]
487 735 [0]
488 34 [0]
20 211 [0]
489 107 [0]
490 244 [0]
260 97 [0]
491 296 [0]
247 78 [0]
493 34 [0]
494 654 [0]
495 351 [0]
496 658 [0]
469 198 [0]
497 75 [0]
498 8 [0]
499 314 [0]
154 771 [0]
176 745 [0]
111 153 [0]
500 11 [0]
501 220 [0]
268 338 [0]
502 63 [0]
503 29 [0]
504 302 [0]
45 572 [0]
505 688 [0]
506 714 [0]
507 50 [0]
508 598 [0]
425 152 [0]
198 644 [0]
70 734 [0]
509 32 [0]
510 162 [0]
180 656 [0]
511 334 [0]
512 429 [0]
436 307 [0]
513 53 [0]
514 783 [0]
115 431 [0]
515 280 [0]
516 384 [0]
268 245 [0]
517 627 [0]
518 223 [0]
139 9 [0]
447 122 [0]
124 39 [0]
328 434 [0]
519 215 [0]
520 681 [0]
521 143 [0]
292 796 [0]
522 50 [0]
523 114 [0]
411 418 [0]
524 256 [0]
525 243 [0]
526 450 [0]
527 390 [0]
528 334 [0]
529 150 [0]
530 325 [0]
531 21 [0]
532 744 [0]
533 622 [0]
534 505 [0]
535 86 [0]
536 34 [0]
84 692 [0]
537 583 [0]
538 184 [0]
539 292 [0]
540 68 [0]
63 162 [0]
541 795 [0]
542 21 [0]
543 21 [0]
544 293 [0]
278 247 [0]
459 497 [0]
545 105 [0]
133 84 [0]
546 253 [0]
547 2 [0]
548 469 [0]
549 376 [0]
550 56 [0]
283 178 [0]
551 166 [0]
8 217 [0]
65 82 [0]
552 201 [0]
553 119 [0]
554 241 [0]
407 426 [0]
212 11 [0]
130 346 [0]
124 665 [0]
555 517 [0]
526 430 [0]
556 229 [0]
76 115 [0]
6 202 [0]
557 53 [0]
84 478 [0]
558 289 [0]
454 789 [0]
559 696 [0]
560 318 [0]
561 88 [0]
15 540 [0]
444 281 [0]
283 47 [0]
563 592 [0]
564 364 [0]
4 120 [0]
565 521 [0]
566 631 [0]
567 307 [0]
149 344 [0]
568 144 [0]
569 42 [0]
130 36 [0]
362 113 [0]
20 674 [0]
63 60 [0]
99 11 [0]
570 495 [0]
571 442 [0]
572 752 [0]
573 26 [0]
214 299 [0]
574 664 [0]
276 56 [0]
317 713 [0]
269 76 [0]
575 260 [0]
576 565 [0]
577 216 [0]
578 337 [0]
579 218 [0]
338 245 [0]
473 589 [0]
575 251 [0]
580 32 [0]
145 372 [0]
581 684 [0]
270 77 [0]
582 751 [0]
115 116 [0]
583 177 [0]
233 475 [0]
584 73 [0]
585 66 [0]
586 163 [0]
587 113 [0]
2 339 [0]
588 472 [0]
12 183 [0]
589 225 [0]
590 175 [0]
196 361 [0]
591 703 [0]
592 179 [0]
593 461 [0]
594 471 [0]
533 788 [0]
595 249 [0]
596 164 [0]
597 301 [0]
139 710 [0]
598 19 [0]
599 206 [0]
431 407 [0]
600 115 [0]
601 482 [0]
320 461 [0]
602 101 [0]
0 621 [0]
603 285 [0]
604 36 [0]
96 632 [0]
282 197 [0]
605 97 [0]
606 769 [0]
607 21 [0]
296 54 [0]
608 458 [0]
609 556 [0]
610 183 [0]
611 63 [0]
243 390 [0]
612 63 [0]
613 731 [0]
614 27 [0]
615 597 [0]
616 186 [0]
617 557 [0]
618 564 [0]
619 16 [0]
620 284 [0]
621 75 [0]
156 320 [0]
622 425 [0]
623 232 [0]
304 280 [0]
70 108 [0]
25 9 [0]
624 718 [0]
625 727 [0]
160 702 [0]
626 96 [0]
627 689 [0]
175 736 [0]
628 378 [0]
629 535 [0]
167 6 [0]
630 94 [0]
631 349 [0]
632 206 [0]
322 14 [0]
633 42 [0]
634 112 [0]
288 759 [0]
82 386 [0]
635 756 [0]
373 611 [0]
636 155 [0]
637 133 [0]
638 111 [0]
639 156 [0]
640 259 [0]
146 700 [0]
641 124 [0]
642 260 [0]
643 459 [0]
644 325 [0]
645 162 [0]
646 169 [0]
152 2 [0]
647 504 [0]
648 547 [0]
649 551 [0]
650 419 [0]
651 146 [0]
456 50 [0]
652 46 [0]
653 740 [0]
654 24 [0]
663 612 [0]
655 279 [0]
656 441 [0]
657 70 [0]
610 726 [0]
658 716 [0]
380 131 [0]
659 396 [0]
39 679 [0]
660 66 [0]
269 797 [0]
529 161 [0]
661 230 [0]
21 7 [0]
662 129 [0]
53 282 [0]
663 192 [0]
664 304 [0]
296 2 [0]
665 453 [0]
666 249 [0]
667 100 [0]
668 781 [0]
363 132 [0]
40 686 [0]
669 178 [0]
266 400 [0]
207 75 [0]
11 401 [0]
670 43 [0]
292 483 [0]
671 430 [0]
317 73 [0]
455 339 [0]
672 566 [0]
565 261 [0]
576 261 [0]
155 577 [0]
673 64 [0]
222 423 [0]
674 297 [0]
107 27 [0]
675 159 [0]
676 625 [0]
677 21 [0]
678 28 [0]
679 377 [0]
680 139 [0]
139 541 [0]
681 635 [0]
278 260 [0]
682 423 [0]
683 58 [0]
562 369 [0]
684 691 [0]
685 243 [0]
12 2 [0]
686 595 [0]
687 310 [0]
30 653 [0]
40 595 [0]
688 316 [0]
689 164 [0]
656 749 [0]
73 303 [0]
690 498 [0]
691 227 [0]
693 552 [0]
47 570 [0]
694 760 [0]
695 77 [0]
203 664 [0]
404 107 [0]
488 137 [0]
696 120 [0]
697 91 [0]
575 22 [0]
366 390 [0]
698 361 [0]
699 584 [0]
700 143 [0]
366 144 [0]
701 767 [0]
702 113 [0]
703 222 [0]
704 615 [0]
705 708 [0]
120 99 [0]
706 117 [0]
707 410 [0]
708 82 [0]
709 374 [0]
710 579 [0]
711 720 [0]
73 13 [0]
124 453 [0]
15 621 [0]
712 78 [0]
65 707 [0]
713 499 [0]
714 427 [0]
715 70 [0]
716 248 [0]
717 733 [0]
459 75 [0]
623 130 [0]
319 264 [0]
718 63 [0]
626 632 [0]
719 753 [0]
45 637 [0]
643 0 [0]
720 682 [0]
721 533 [0]
722 9 [0]
723 709 [0]
9 194 [0]
362 160 [0]
724 579 [0]
725 358 [0]
726 12 [0]
727 262 [0]
728 172 [0]
729 456 [0]
730 776 [0]
731 479 [0]
234 233 [0]
270 453 [0]
732 63 [0]
102 84 [0]
733 794 [0]
734 163 [0]
445 140 [0]
735 21 [0]
736 21 [0]
737 601 [0]
738 282 [0]
739 204 [0]
740 90 [0]
8 262 [0]
741 567 [0]
276 550 [0]
6 191 [0]
742 224 [0]
542 222 [0]
77 682 [0]
743 75 [0]
744 766 [0]
304 203 [0]
745 508 [0]
194 168 [0]
746 274 [0]
747 122 [0]
748 51 [0]
749 105 [0]
750 326 [0]
425 533 [0]
674 102 [0]
162 373 [0]
77 720 [0]
751 623 [0]
752 164 [0]
753 742 [0]
754 221 [0]
755 107 [0]
757 198 [0]
758 99 [0]
759 254 [0]
446 714 [0]
760 438 [0]
761 166 [0]
706 87 [0]
762 607 [0]
763 526 [0]
764 245 [0]
765 729 [0]
766 610 [0]
86 359 [0]
767 4 [0]
768 27 [0]
769 36 [0]
770 260 [0]
771 48 [0]
174 551 [0]
482 370 [0]
772 43 [0]
290 222 [0]
773 205 [0]
774 134 [0]
775 222 [0]
776 6 [0]
35 600 [0]
245 657 [0]
246 326 [0]
777 247 [0]
778 609 [0]
779 629 [0]
780 694 [0]
497 326 [0]
781 383 [0]
782 738 [0]
783 223 [0]
784 580 [0]
39 424 [0]
314 317 [0]
785 375 [0]
786 754 [0]
787 755 [0]
135 38 [0]
40 60 [0]
3 528 [0]
788 152 [0]
789 624 [0]
790 773 [0]
791 545 [0]
792 54 [0]
326 55 [0]
775 591 [0]
793 196 [0]
794 379 [0]
60 166 [0]
795 9 [0]
796 8 [0]
797 426 [0]
446 326 [0]
798 21 [0]
799 120 [0]
0 728 [0]
1 162 [0]
2 82 [0]
3 305 [0]
4 84 [0]
3 385 [0]
5 619 [0]
6 262 [0]
7 322 [0]
8 769 [0]
9 149 [0]
10 218 [0]
11 29 [0]
12 195 [0]
13 16 [0]
4 649 [0]
6 485 [0]
7 518 [0]
14 733 [0]
9 222 [0]
6 685 [0]
15 113 [0]
16 558 [0]
12 15 [0]
17 640 [0]
18 419 [0]
9 70 [0]
19 182 [0]
14 357 [0]
2 19 [0]
20 482 [0]
18 6 [0]
21 223 [0]
7 601 [0]
22 411 [0]
3 395 [0]
23 167 [0]
24 199 [0]
19 5 [0]
17 454 [0]
25 226 [0]
26 47 [0]
27 4 [0]
28 95 [0]
29 200 [0]
8 401 [0]
31 20 [0]
32 343 [0]
33 53 [0]
34 117 [0]
35 325 [0]
23 72 [0]
36 17 [0]
6 314 [0]
37 57 [0]
17 253 [0]
38 171 [0]
39 258 [0]
40 563 [0]
34 184 [0]
8 243 [0]
41 40 [0]
42 235 [0]
43 467 [0]
29 324 [0]
44 399 [0]
45 694 [0]
46 2 [0]
47 702 [0]
48 374 [0]
49 239 [0]
50 141 [0]
2 181 [0]
42 613 [0]
51 7 [0]
52 3 [0]
53 416 [0]
7 352 [0]
54 479 [0]
55 788 [0]
55 671 [0]
56 65 [0]
57 8 [0]
58 229 [0]
59 143 [0]
60 434 [0]
61 155 [0]
0 123 [0]
52 625 [0]
7 131 [0]
28 103 [0]
62 489 [0]
11 104 [0]
17 22 [0]
63 639 [0]
64 677 [0]
65 211 [0]
66 19 [0]
3 77 [0]
67 387 [0]
68 736 [0]
69 6 [0]
2 541 [0]
46 266 [0]
70 627 [0]
71 713 [0]
72 166 [0]
73 56 [0]
2 576 [0]
74 626 [0]
62 116 [0]
75 10 [0]
76 23 [0]
77 586 [0]
79 310 [0]
80 388 [0]
10 523 [0]
21 201 [0]
81 784 [0]
82 697 [0]
83 283 [0]
36 566 [0]
3 535 [0]
84 340 [0]
85 8 [0]
49 786 [0]
43 543 [0]
86 585 [0]
13 662 [0]
7 66 [0]
87 75 [0]
88 745 [0]
89 763 [0]
90 50 [0]
91 746 [0]
92 486 [0]
93 480 [0]
91 118 [0]
94 402 [0]
95 689 [0]
7 582 [0]
96 557 [0]
97 157 [0]
31 754 [0]
98 403 [0]
99 43 [0]
100 350 [0]
101 520 [0]
102 161 [0]
54 710 [0]
103 47 [0]
104 795 [0]
105 261 [0]
106 628 [0]
52 292 [0]
107 38 [0]
108 41 [0]
109 37 [0]
69 33 [0]
110 62 [0]
89 392 [0]
111 1 [0]
53 638 [0]
50 164 [0]
112 299 [0]
113 521 [0]
114 59 [0]
115 69 [0]
9 57 [0]
49 332 [0]
116 552 [0]
117 85 [0]
2 236 [0]
118 360 [0]
119 139 [0]
120 615 [0]
121 687 [0]
122 124 [0]
72 17 [0]
123 284 [0]
101 339 [0]
124 203 [0]
125 234 [0]
112 604 [0]
126 163 [0]
127 455 [0]
128 276 [0]
107 281 [0]
29 525 [0]
91 408 [0]
129 158 [0]
111 84 [0]
8 690 [0]
130 146 [0]
131 94 [0]
132 19 [0]
133 738 [0]
52 36 [0]
134 595 [0]
135 228 [0]
136 183 [0]
97 18 [0]
137 75 [0]
138 142 [0]
139 441 [0]
140 89 [0]
141 551 [0]
142 569 [0]
143 186 [0]
144 60 [0]
145 714 [0]
146 126 [0]
147 598 [0]
105 240 [0]
148 303 [0]
149 755 [0]
150 61 [0]
151 422 [0]
147 45 [0]
6 112 [0]
11 722 [0]
3 589 [0]
152 606 [0]
153 476 [0]
154 176 [0]
155 187 [0]
37 435 [0]
17 259 [0]
156 787 [0]
157 308 [0]
36 732 [0]
158 607 [0]
6 147 [0]
159 178 [0]
160 147 [0]
161 151 [0]
27 197 [0]
17 330 [0]
162 307 [0]
163 232 [0]
164 391 [0]
165 209 [0]
166 706 [0]
51 636 [0]
167 208 [0]
168 206 [0]
169 656 [0]
170 532 [0]
171 484 [0]
172 327 [0]
173 210 [0]
174 3 [0]
69 361 [0]
107 149 [0]
175 272 [0]
64 7 [0]
20 126 [0]
52 145 [0]
176 654 [0]
177 433 [0]
178 196 [0]
69 251 [0]
51 318 [0]
179 458 [0]
180 381 [0]
181 407 [0]
182 791 [0]
183 135 [0]
184 705 [0]
52 637 [0]
151 102 [0]
185 28 [0]
87 491 [0]
186 453 [0]
187 317 [0]
40 297 [0]
188 367 [0]
189 409 [0]
190 442 [0]
191 311 [0]
192 0 [0]
45 160 [0]
34 319 [0]
193 128 [0]
194 93 [0]
9 254 [0]
195 115 [0]
146 372 [0]
196 478 [0]
197 102 [0]
193 378 [0]
366 161 [0]
198 554 [0]
61 187 [0]
199 527 [0]
80 688 [0]
19 466 [0]
200 271 [0]
201 136 [0]
202 459 [0]
203 593 [0]
204 248 [0]
205 673 [0]
206 273 [0]
207 274 [0]
208 686 [0]
209 602 [0]
210 296 [0]
93 51 [0]
211 370 [0]
106 603 [0]
212 70 [0]
37 765 [0]
213 105 [0]
214 789 [0]
168 737 [0]
99 475 [0]
215 39 [0]
216 27 [0]
3 720 [0]
217 503 [0]
9 295 [0]
219 768 [0]
220 481 [0]
221 152 [0]
222 107 [0]
223 341 [0]
224 250 [0]
89 494 [0]
225 36 [0]
6 772 [0]
226 78 [0]
227 17 [0]
184 323 [0]
228 439 [0]
229 577 [0]
230 0 [0]
88 421 [0]
231 519 [0]
88 168 [0]
232 449 [0]
233 227 [0]
234 351 [0]
235 27 [0]
236 588 [0]
182 221 [0]
238 672 [0]
239 45 [0]
240 724 [0]
241 270 [0]
238 92 [0]
99 204 [0]
172 359 [0]
242 328 [0]
243 291 [0]
244 282 [0]
216 197 [0]
245 175 [0]
105 21 [0]
246 242 [0]
247 106 [0]
248 269 [0]
153 530 [0]
249 188 [0]
250 92 [0]
251 11 [0]
252 125 [0]
253 469 [0]
254 471 [0]
255 684 [0]
0 507 [0]
256 121 [0]
257 512 [0]
258 345 [0]
259 23 [0]
260 545 [0]
261 426 [0]
262 11 [0]
111 438 [0]
218 304 [0]
263 54 [0]
264 207 [0]
182 290 [0]
253 643 [0]
265 55 [0]
261 473 [0]
266 6 [0]
216 366 [0]
241 64 [0]
267 46 [0]
268 741 [0]
269 496 [0]
243 790 [0]
10 700 [0]
270 81 [0]
3 428 [0]
271 33 [0]
9 425 [0]
272 6 [0]
273 13 [0]
5 742 [0]
20 570 [0]
274 244 [0]
275 241 [0]
36 193 [0]
276 711 [0]
277 7 [0]
278 642 [0]
279 40 [0]
280 256 [0]
281 17 [0]
282 546 [0]
195 26 [0]
283 16 [0]
284 173 [0]
285 336 [0]
286 212 [0]
287 286 [0]
288 514 [0]
28 190 [0]
88 676 [0]
163 579 [0]
289 58 [0]
290 293 [0]
291 180 [0]
292 193 [0]
293 5 [0]
15 719 [0]
294 111 [0]
7 194 [0]
295 212 [0]
296 384 [0]
297 205 [0]
298 144 [0]
224 92 [0]
299 267 [0]
300 107 [0]
270 429 [0]
301 621 [0]
302 393 [0]
87 309 [0]
303 177 [0]
304 544 [0]
305 25 [0]
306 382 [0]
307 165 [0]
308 774 [0]
89 511 [0]
309 24 [0]
310 185 [0]
177 33 [0]
311 69 [0]
33 311 [0]
312 279 [0]
313 580 [0]
180 243 [0]
314 150 [0]
315 432 [0]
316 275 [0]
317 112 [0]
318 410 [0]
319 568 [0]
320 167 [0]
7 315 [0]
321 691 [0]
322 526 [0]
266 630 [0]
2 699 [0]
323 444 [0]
324 766 [0]
325 762 [0]
326 138 [0]
221 290 [0]
327 63 [0]
202 349 [0]
325 9 [0]
328 377 [0]
329 600 [0]
330 302 [0]
331 483 [0]
332 321 [0]
2 7 [0]
333 237 [0]
334 213 [0]
335 712 [0]
336 564 [0]
72 487 [0]
337 140 [0]
39 168 [0]
338 792 [0]
339 27 [0]
340 86 [0]
172 145 [0]
341 386 [0]
342 87 [0]
343 495 [0]
344 629 [0]
7 19 [0]
68 113 [0]
345 380 [0]
346 567 [0]
347 189 [0]
218 757 [0]
348 8 [0]
219 767 [0]
349 165 [0]
350 214 [0]
351 156 [0]
352 727 [0]
353 9 [0]
354 611 [0]
355 36 [0]
286 298 [0]
356 565 [0]
357 390 [0]
358 488 [0]
49 178 [0]
359 23 [0]
360 28 [0]
361 470 [0]
362 497 [0]
363 202 [0]
364 451 [0]
365 540 [0]
366 102 [0]
367 771 [0]
368 464 [0]
369 562 [0]
370 502 [0]
371 6 [0]
372 3 [0]
373 174 [0]
348 749 [0]
374 571 [0]
375 440 [0]
376 437 [0]
377 129 [0]
378 333 [0]
379 246 [0]
380 168 [0]
37 286 [0]
23 17 [0]
30 38 [0]
381 179 [0]
382 734 [0]
2 266 [0]
23 605 [0]
383 2 [0]
34 477 [0]
384 90 [0]
385 400 [0]
176 542 [0]
4 216 [0]
386 66 [0]
2 6 [0]
318 414 [0]
387 420 [0]
388 238 [0]
389 591 [0]
390 665 [0]
391 587 [0]
392 252 [0]
393 23 [0]
199 448 [0]
149 320 [0]
394 247 [0]
395 460 [0]
396 110 [0]
397 424 [0]
350 679 [0]
398 644 [0]
7 347 [0]
399 751 [0]
400 80 [0]
401 681 [0]
402 306 [0]
403 58 [0]
404 20 [0]
405 524 [0]
406 362 [0]
312 510 [0]
202 693 [0]
95 190 [0]
373 374 [0]
407 51 [0]
408 663 [0]
409 465 [0]
410 675 [0]
255 218 [0]
411 23 [0]
412 6 [0]
413 508 [0]
126 404 [0]
229 574 [0]
414 19 [0]
21 240 [0]
415 373 [0]
416 431 [0]
252 575 [0]
417 782 [0]
68 195 [0]
418 623 [0]
419 456 [0]
420 365 [0]
421 608 [0]
422 704 [0]
423 506 [0]
424 446 [0]
425 515 [0]
426 717 [0]
2 612 [0]
427 30 [0]
87 344 [0]
428 796 [0]
429 744 [0]
430 108 [0]
431 79 [0]
432 368 [0]
433 91 [0]
434 109 [0]
435 775 [0]
329 445 [0]
436 501 [0]
437 215 [0]
438 443 [0]
439 499 [0]
440 581 [0]
441 539 [0]
442 752 [0]
0 282 [0]
404 773 [0]
332 45 [0]
443 313 [0]
444 151 [0]
222 425 [0]
106 230 [0]
104 328 [0]
445 797 [0]
446 190 [0]
447 88 [0]
448 529 [0]
449 31 [0]
176 647 [0]
89 156 [0]
450 39 [0]
451 204 [0]
3 128 [0]
452 148 [0]
453 31 [0]
454 76 [0]
455 641 [0]
456 358 [0]
457 49 [0]
458 10 [0]
459 294 [0]
460 36 [0]
462 334 [0]
463 7 [0]
464 131 [0]
339 74 [0]
465 759 [0]
466 750 [0]
467 54 [0]
468 50 [0]
469 490 [0]
470 11 [0]
337 389 [0]
471 633 [0]
472 668 [0]
473 462 [0]
474 7 [0]
475 315 [0]
476 134 [0]
379 328 [0]
477 111 [0]
183 66 [0]
59 186 [0]
22 799 [0]
478 371 [0]
54 99 [0]
479 2 [0]
480 463 [0]
481 631 [0]
299 46 [0]
45 200 [0]
40 122 [0]
482 3 [0]
483 534 [0]
484 599 [0]
485 68 [0]
453 59 [0]
89 351 [0]
126 77 [0]
82 517 [0]
486 280 [0]
206 758 [0]
2 739 [0]
487 145 [0]
488 2 [0]
277 560 [0]
489 427 [0]
490 52 [0]
252 234 [0]
491 660 [0]
492 0 [0]
493 14 [0]
494 90 [0]
229 725 [0]
29 470 [0]
495 288 [0]
496 263 [0]
497 217 [0]
498 255 [0]
499 257 [0]
500 731 [0]
25 761 [0]
501 102 [0]
502 708 [0]
503 655 [0]
504 716 [0]
505 98 [0]
293 648 [0]
506 634 [0]
507 207 [0]
508 34 [0]
509 335 [0]
112 187 [0]
510 522 [0]
243 670 [0]
295 70 [0]
511 696 [0]
369 213 [0]
512 213 [0]
513 692 [0]
514 264 [0]
290 5 [0]
515 354 [0]
137 87 [0]
516 344 [0]
436 678 [0]
517 536 [0]
518 99 [0]
175 6 [0]
419 531 [0]
454 23 [0]
233 281 [0]
506 421 [0]
519 26 [0]
520 278 [0]
312 108 [0]
10 179 [0]
129 49 [0]
521 614 [0]
211 597 [0]
522 108 [0]
523 405 [0]
425 354 [0]
524 255 [0]
525 191 [0]
526 316 [0]
527 730 [0]
446 310 [0]
356 284 [0]
528 301 [0]
72 259 [0]
177 53 [0]
48 373 [0]
529 342 [0]
530 461 [0]
317 267 [0]
531 245 [0]
467 99 [0]
532 35 [0]
533 96 [0]
534 21 [0]
535 130 [0]
536 616 [0]
414 410 [0]
537 85 [0]
538 41 [0]
539 747 [0]
405 10 [0]
540 7 [0]
541 93 [0]
542 537 [0]
502 56 [0]
543 260 [0]
544 255 [0]
545 695 [0]
294 202 [0]
546 394 [0]
547 355 [0]
267 548 [0]
548 664 [0]
23 302 [0]
22 393 [0]
436 701 [0]
549 590 [0]
550 450 [0]
153 461 [0]
551 753 [0]
552 83 [0]
553 19 [0]
554 528 [0]
445 314 [0]
555 90 [0]
556 111 [0]
316 322 [0]
557 170 [0]
389 421 [0]
558 559 [0]
15 195 [0]
559 353 [0]
560 188 [0]
561 39 [0]
23 22 [0]
562 592 [0]
233 17 [0]
563 32 [0]
564 120 [0]
169 659 [0]
565 289 [0]
34 650 [0]
0 403 [0]
233 38 [0]
566 472 [0]
567 99 [0]
2 669 [0]
302 17 [0]
568 509 [0]
147 777 [0]
569 16 [0]
202 1 [0]
570 578 [0]
571 172 [0]
572 596 [0]
89 90 [0]
573 415 [0]
574 356 [0]
575 707 [0]
200 49 [0]
519 47 [0]
576 245 [0]
107 233 [0]
577 447 [0]
549 106 [0]
578 718 [0]
579 404 [0]
580 34 [0]
74 520 [0]
287 295 [0]
78 157 [0]
581 173 [0]
582 418 [0]
583 160 [0]
584 182 [0]
585 556 [0]
586 114 [0]
180 760 [0]
524 523 [0]
587 561 [0]
589 9 [0]
366 151 [0]
36 709 [0]
590 230 [0]
72 71 [0]
591 375 [0]
64 270 [0]
192 168 [0]
592 331 [0]
593 785 [0]
594 216 [0]
595 412 [0]
596 243 [0]
597 661 [0]
598 347 [0]
599 396 [0]
600 314 [0]
601 132 [0]
602 376 [0]
445 6 [0]
603 748 [0]
604 153 [0]
37 287 [0]
439 512 [0]
221 5 [0]
605 17 [0]
606 127 [0]
607 398 [0]
43 260 [0]
113 5 [0]
608 423 [0]
536 729 [0]
351 674 [0]
609 28 [0]
73 794 [0]
610 572 [0]
611 300 [0]
512 499 [0]
39 345 [0]
613 154 [0]
614 5 [0]
577 574 [0]
187 46 [0]
615 44 [0]
616 723 [0]
617 100 [0]
618 133 [0]
619 417 [0]
620 12 [0]
348 309 [0]
356 229 [0]
621 474 [0]
295 286 [0]
622 504 [0]
623 364 [0]
17 776 [0]
260 2 [0]
192 58 [0]
624 533 [0]
625 622 [0]
7 33 [0]
626 27 [0]
627 298 [0]
628 0 [0]
625 100 [0]
92 127 [0]
629 721 [0]
630 112 [0]
631 342 [0]
632 779 [0]
168 55 [0]
633 683 [0]
634 389 [0]
635 6 [0]
636 194 [0]
637 338 [0]
638 783 [0]
413 613 [0]
639 573 [0]
640 265 [0]
641 5 [0]
642 74 [0]
643 36 [0]
644 457 [0]
645 2 [0]
123 98 [0]
404 781 [0]
646 516 [0]
647 740 [0]
445 666 [0]
9 287 [0]
7 189 [0]
192 403 [0]
338 292 [0]
648 553 [0]
140 770 [0]
649 34 [0]
650 443 [0]
525 361 [0]
651 326 [0]
652 635 [0]
218 544 [0]
653 233 [0]
347 45 [0]
409 474 [0]
654 413 [0]
655 8 [0]
656 69 [0]
72 253 [0]
52 373 [0]
657 119 [0]
342 309 [0]
658 220 [0]
659 361 [0]
660 348 [0]
661 56 [0]
662 646 [0]
404 163 [0]
663 609 [0]
664 187 [0]
289 229 [0]
665 9 [0]
666 600 [0]
313 34 [0]
667 198 [0]
668 430 [0]
669 187 [0]
670 405 [0]
476 6 [0]
671 651 [0]
672 224 [0]
673 549 [0]
674 715 [0]
675 132 [0]
676 356 [0]
677 500 [0]
678 27 [0]
673 124 [0]
679 36 [0]
313 363 [0]
680 101 [0]
681 42 [0]
682 513 [0]
683 320 [0]
282 207 [0]
684 27 [0]
685 618 [0]
686 268 [0]
1 307 [0]
687 221 [0]
97 219 [0]
11 49 [0]
688 584 [0]
689 397 [0]
690 13 [0]
220 529 [0]
127 152 [0]
691 583 [0]
567 54 [0]
692 620 [0]
639 686 [0]
693 111 [0]
694 7 [0]
71 359 [0]
695 2 [0]
475 7 [0]
696 550 [0]
697 122 [0]
282 274 [0]
698 137 [0]
699 329 [0]
700 572 [0]
2 187 [0]
701 197 [0]
702 285 [0]
140 696 [0]
339 520 [0]
703 232 [0]
129 398 [0]
18 272 [0]
704 594 [0]
705 436 [0]
706 71 [0]
64 500 [0]
331 369 [0]
707 778 [0]
708 219 [0]
709 617 [0]
487 71 [0]
710 346 [0]
228 201 [0]
267 756 [0]
711 726 [0]
698 87 [0]
712 363 [0]
713 735 [0]
714 48 [0]
525 470 [0]
715 392 [0]
716 100 [0]
717 249 [0]
718 232 [0]
2 467 [0]
719 5 [0]
720 193 [0]
721 698 [0]
722 169 [0]
612 368 [0]
723 182 [0]
553 182 [0]
45 691 [0]
724 369 [0]
454 605 [0]
725 192 [0]
726 225 [0]
727 33 [0]
165 1 [0]
292 3 [0]
605 330 [0]
728 505 [0]
729 645 [0]
730 658 [0]
731 21 [0]
732 312 [0]
733 73 [0]
549 764 [0]
734 2 [0]
735 145 [0]
736 15 [0]
684 524 [0]
610 243 [0]
147 178 [0]
737 140 [0]
738 667 [0]
716 622 [0]
739 466 [0]
567 710 [0]
740 780 [0]
741 624 [0]
269 364 [0]
742 152 [0]
743 406 [0]
744 64 [0]
625 793 [0]
565 229 [0]
745 337 [0]
746 67 [0]
747 743 [0]
481 529 [0]
748 205 [0]
749 243 [0]
346 99 [0]
750 181 [0]
751 91 [0]
757 524 [0]
157 226 [0]
752 231 [0]
753 657 [0]
149 17 [0]
754 77 [0]
755 22 [0]
756 112 [0]
157 733 [0]
757 498 [0]
758 138 [0]
759 7 [0]
269 204 [0]
760 610 [0]
761 308 [0]
762 59 [0]
763 468 [0]
764 230 [0]
765 9 [0]
766 49 [0]
767 56 [0]
768 18 [0]
769 24 [0]
770 550 [0]
771 277 [0]
772 383 [0]
29 766 [0]
773 703 [0]
774 493 [0]
775 287 [0]
776 393 [0]
777 198 [0]
778 351 [0]
779 27 [0]
181 318 [0]
780 401 [0]
781 163 [0]
628 282 [0]
16 142 [0]
220 24 [0]
506 591 [0]
6 68 [0]
782 682 [0]
129 178 [0]
783 798 [0]
2 93 [0]
100 338 [0]
784 64 [0]
785 492 [0]
630 6 [0]
786 159 [0]
787 555 [0]
788 192 [0]
737 550 [0]
510 108 [0]
789 36 [0]
790 632 [0]
293 19 [0]
791 538 [0]
792 547 [0]
793 716 [0]
795 379 [0]
796 126 [0]
797 245 [0]
798 452 [0]
349 1 [0]
799 167 [0]
517 645 [0]
267 664 [0]
68 15 [0]
0 387 [0]
1 295 [0]
2 0 [0]
3 25 [0]
0 174 [0]
4 665 [0]
5 39 [0]
5 428 [0]
4 162 [0]
7 663 [0]
8 237 [0]
9 631 [0]
10 16 [0]
4 520 [0]
11 391 [0]
12 728 [0]
13 85 [0]
14 225 [0]
15 481 [0]
16 438 [0]
17 555 [0]
18 144 [0]
19 181 [0]
20 142 [0]
21 171 [0]
22 335 [0]
23 257 [0]
24 104 [0]
25 406 [0]
26 700 [0]
27 339 [0]
28 92 [0]
4 283 [0]
29 243 [0]
30 366 [0]
31 298 [0]
28 152 [0]
21 577 [0]
32 0 [0]
33 23 [0]
22 720 [0]
34 317 [0]
18 591 [0]
14 83 [0]
35 3 [0]
22 137 [0]
18 210 [0]
36 2 [0]
37 558 [0]
7 26 [0]
38 253 [0]
3 260 [0]
15 570 [0]
39 28 [0]
14 158 [0]
26 212 [0]
17 215 [0]
40 41 [0]
41 61 [0]
42 772 [0]
43 1 [0]
20 703 [0]
41 27 [0]
44 448 [0]
14 41 [0]
45 192 [0]
23 26 [0]
46 96 [0]
47 256 [0]
48 240 [0]
49 156 [0]
50 523 [0]
51 557 [0]
34 0 [0]
52 27 [0]
53 651 [0]
54 515 [0]
55 517 [0]
7 561 [0]
56 40 [0]
16 3 [0]
57 341 [0]
18 732 [0]
0 189 [0]
58 347 [0]
10 3 [0]
59 696 [0]
12 425 [0]
60 29 [0]
61 196 [0]
57 288 [0]
62 228 [0]
63 217 [0]
64 437 [0]
0 5 [0]
66 202 [0]
67 534 [0]
14 314 [0]
68 390 [0]
17 4 [0]
69 123 [0]
67 145 [0]
70 747 [0]
71 274 [0]
72 9 [0]
73 405 [0]
74 26 [0]
75 776 [0]
41 86 [0]
19 774 [0]
76 4 [0]
77 169 [0]
14 459 [0]
51 456 [0]
28 787 [0]
78 146 [0]
12 664 [0]
79 305 [0]
64 277 [0]
80 323 [0]
56 209 [0]
81 746 [0]
26 602 [0]
82 252 [0]
83 780 [0]
84 15 [0]
30 498 [0]
85 11 [0]
86 52 [0]
87 595 [0]
88 588 [0]
89 573 [0]
90 46 [0]
5 66 [0]
91 58 [0]
89 472 [0]
92 649 [0]
93 205 [0]
94 138 [0]
95 458 [0]
69 661 [0]
96 84 [0]
97 10 [0]
57 304 [0]
63 23 [0]
98 31 [0]
23 660 [0]
66 773 [0]
4 154 [0]
99 487 [0]
41 52 [0]
4 334 [0]
100 559 [0]
101 632 [0]
102 219 [0]
103 682 [0]
104 5 [0]
105 758 [0]
106 600 [0]
107 318 [0]
108 77 [0]
109 386 [0]
110 569 [0]
111 266 [0]
112 597 [0]
46 12 [0]
113 19 [0]
112 12 [0]
114 604 [0]
21 186 [0]
7 625 [0]
24 136 [0]
115 75 [0]
116 656 [0]
6 373 [0]
117 94 [0]
118 369 [0]
119 21 [0]
120 14 [0]
121 37 [0]
10 69 [0]
122 672 [0]
102 99 [0]
123 365 [0]
124 244 [0]
125 662 [0]
126 320 [0]
127 188 [0]
105 424 [0]
128 657 [0]
129 9 [0]
7 23 [0]
130 355 [0]
131 729 [0]
132 57 [0]
1 641 [0]
22 89 [0]
133 207 [0]
134 666 [0]
135 764 [0]
136 241 [0]
22 12 [0]
137 426 [0]
138 151 [0]
21 83 [0]
52 710 [0]
127 19 [0]
13 11 [0]
139 695 [0]
140 141 [0]
7 286 [0]
141 132 [0]
142 10 [0]
143 741 [0]
95 138 [0]
3 312 [0]
144 796 [0]
145 463 [0]
146 18 [0]
82 272 [0]
147 89 [0]
133 514 [0]
148 321 [0]
149 71 [0]
29 9 [0]
150 258 [0]
151 109 [0]
152 206 [0]
153 268 [0]
154 18 [0]
155 131 [0]
156 261 [0]
157 182 [0]
158 91 [0]
159 544 [0]
160 126 [0]
161 658 [0]
162 50 [0]
18 755 [0]
163 383 [0]
164 797 [0]
5 422 [0]
85 276 [0]
112 324 [0]
135 516 [0]
12 679 [0]
165 5 [0]
0 524 [0]
166 51 [0]
127 248 [0]
69 609 [0]
167 5 [0]
147 38 [0]
168 106 [0]
169 364 [0]
152 26 [0]
170 693 [0]
171 388 [0]
66 420 [0]
172 61 [0]
173 201 [0]
174 628 [0]
352 355 [0]
175 55 [0]
176 531 [0]
177 376 [0]
7 336 [0]
178 673 [0]
59 525 [0]
179 717 [0]
180 0 [0]
181 410 [0]
182 56 [0]
183 550 [0]
184 119 [0]
15 166 [0]
39 708 [0]
186 255 [0]
187 226 [0]
0 340 [0]
188 70 [0]
189 300 [0]
190 779 [0]
44 7 [0]
191 124 [0]
192 385 [0]
193 439 [0]
194 659 [0]
195 737 [0]
196 648 [0]
197 47 [0]
198 195 [0]
199 617 [0]
200 744 [0]
201 94 [0]
165 652 [0]
73 263 [0]
2 124 [0]
202 553 [0]
28 522 [0]
203 644 [0]
74 115 [0]
204 270 [0]
205 579 [0]
206 471 [0]
208 166 [0]
209 120 [0]
210 638 [0]
211 137 [0]
201 762 [0]
212 398 [0]
49 292 [0]
213 640 [0]
214 668 [0]
215 676 [0]
216 52 [0]
66 6 [0]
217 351 [0]
218 9 [0]
219 149 [0]
220 313 [0]
221 309 [0]
222 74 [0]
208 15 [0]
223 208 [0]
224 680 [0]
225 53 [0]
226 368 [0]
15 223 [0]
171 674 [0]
36 496 [0]
66 103 [0]
227 381 [0]
36 431 [0]
228 337 [0]
229 429 [0]
230 50 [0]
53 618 [0]
2 440 [0]
231 249 [0]
188 353 [0]
232 43 [0]
233 34 [0]
234 303 [0]
235 354 [0]
178 489 [0]
87 193 [0]
236 20 [0]
237 784 [0]
83 171 [0]
238 133 [0]
239 686 [0]
240 687 [0]
17 213 [0]
241 278 [0]
242 122 [0]
243 8 [0]
244 414 [0]
245 214 [0]
142 3 [0]
137 199 [0]
246 382 [0]
247 352 [0]
248 482 [0]
249 13 [0]
10 513 [0]
250 711 [0]
10 207 [0]
80 24 [0]
50 477 [0]
251 350 [0]
252 275 [0]
253 89 [0]
88 446 [0]
254 449 [0]
255 633 [0]
256 338 [0]
257 630 [0]
65 342 [0]
258 596 [0]
259 709 [0]
0 59 [0]
260 415 [0]
261 540 [0]
262 180 [0]
263 467 [0]
264 111 [0]
265 647 [0]
266 453 [0]
267 447 [0]
268 650 [0]
269 725 [0]
259 452 [0]
270 46 [0]
202 12 [0]
271 683 [0]
178 121 [0]
262 490 [0]
272 457 [0]
273 88 [0]
191 576 [0]
13 0 [0]
12 460 [0]
129 329 [0]
274 543 [0]
275 159 [0]
276 230 [0]
102 149 [0]
277 2 [0]
278 736 [0]
278 66 [0]
257 30 [0]
123 719 [0]
255 723 [0]
279 293 [0]
7 201 [0]
84 377 [0]
280 284 [0]
40 443 [0]
281 185 [0]
282 22 [0]
283 462 [0]
661 345 [0]
284 361 [0]
285 370 [0]
286 138 [0]
287 216 [0]
288 393 [0]
289 473 [0]
199 22 [0]
121 110 [0]
290 294 [0]
291 279 [0]
0 239 [0]
118 123 [0]
170 327 [0]
292 43 [0]
293 348 [0]
291 155 [0]
294 678 [0]
295 66 [0]
224 403 [0]
296 221 [0]
297 358 [0]
57 22 [0]
298 95 [0]
299 54 [0]
300 319 [0]
44 23 [0]
301 505 [0]
61 86 [0]
48 197 [0]
125 480 [0]
84 89 [0]
302 315 [0]
303 442 [0]
304 560 [0]
61 52 [0]
305 754 [0]
281 441 [0]
306 654 [0]
63 7 [0]
155 164 [0]
307 143 [0]
308 380 [0]
12 308 [0]
156 1 [0]
309 486 [0]
310 285 [0]
281 494 [0]
104 92 [0]
311 165 [0]
147 253 [0]
312 411 [0]
284 466 [0]
313 325 [0]
314 40 [0]
43 197 [0]
315 689 [0]
316 57 [0]
317 4 [0]
56 706 [0]
318 537 [0]
319 59 [0]
320 21 [0]
321 175 [0]
322 67 [0]
323 792 [0]
324 180 [0]
133 484 [0]
325 161 [0]
326 793 [0]
327 35 [0]
328 538 [0]
329 527 [0]
330 102 [0]
331 13 [0]
332 735 [0]
333 322 [0]
334 592 [0]
165 611 [0]
335 562 [0]
336 497 [0]
337 7 [0]
338 475 [0]
339 14 [0]
340 198 [0]
7 127 [0]
41 339 [0]
341 407 [0]
342 624 [0]
343 627 [0]
344 246 [0]
63 44 [0]
24 738 [0]
345 10 [0]
346 37 [0]
348 564 [0]
197 798 [0]
349 499 [0]
350 718 [0]
351 389 [0]
129 245 [0]
1 266 [0]
352 23 [0]
353 220 [0]
354 316 [0]
7 389 [0]
193 394 [0]
355 7 [0]
356 756 [0]
357 194 [0]
4 435 [0]
358 375 [0]
359 233 [0]
360 10 [0]
361 556 [0]
362 287 [0]
363 760 [0]
364 765 [0]
365 742 [0]
366 179 [0]
284 4 [0]
367 360 [0]
368 704 [0]
369 349 [0]
36 529 [0]
370 123 [0]
3 69 [0]
83 362 [0]
371 605 [0]
207 733 [0]
166 84 [0]
372 610 [0]
373 1 [0]
374 528 [0]
317 340 [0]
375 139 [0]
376 399 [0]
377 702 [0]
378 242 [0]
379 259 [0]
380 401 [0]
255 83 [0]
381 245 [0]
382 476 [0]
191 684 [0]
383 492 [0]
384 65 [0]
385 100 [0]
321 552 [0]
386 384 [0]
387 417 [0]
213 145 [0]
388 357 [0]
120 314 [0]
389 44 [0]
242 144 [0]
390 789 [0]
391 395 [0]
392 157 [0]
228 307 [0]
393 510 [0]
394 337 [0]
395 359 [0]
396 163 [0]
397 413 [0]
398 63 [0]
137 103 [0]
399 400 [0]
400 374 [0]
401 416 [0]
402 714 [0]
403 331 [0]
404 64 [0]
405 282 [0]
265 299 [0]
406 404 [0]
385 771 [0]
198 317 [0]
407 38 [0]
408 0 [0]
409 17 [0]
410 763 [0]
190 483 [0]
393 541 [0]
411 118 [0]
412 108 [0]
413 46 [0]
414 134 [0]
415 69 [0]
416 775 [0]
417 114 [0]
418 691 [0]
419 583 [0]
420 211 [0]
224 85 [0]
421 757 [0]
320 215 [0]
340 195 [0]
409 748 [0]
422 22 [0]
1 66 [0]
147 407 [0]
221 293 [0]
423 433 [0]
424 273 [0]
355 23 [0]
425 783 [0]
417 542 [0]
426 12 [0]
174 28 [0]
427 45 [0]
428 32 [0]
429 297 [0]
430 45 [0]
431 231 [0]
273 371 [0]
432 338 [0]
99 421 [0]
433 469 [0]
434 280 [0]
435 178 [0]
125 186 [0]
66 136 [0]
3 415 [0]
26 222 [0]
214 53 [0]
233 707 [0]
385 586 [0]
436 722 [0]
437 378 [0]
438 485 [0]
439 155 [0]
440 239 [0]
441 21 [0]
87 164 [0]
241 66 [0]
442 751 [0]
319 189 [0]
443 209 [0]
444 14 [0]
445 500 [0]
446 106 [0]
447 468 [0]
448 612 [0]
449 281 [0]
450 571 [0]
451 15 [0]
452 310 [0]
453 197 [0]
454 392 [0]
455 254 [0]
125 495 [0]
311 536 [0]
445 263 [0]
456 614 [0]
84 697 [0]
32 28 [0]
457 218 [0]
458 712 [0]
459 178 [0]
460 504 [0]
446 168 [0]
461 0 [0]
171 357 [0]
462 575 [0]
12 90 [0]
463 160 [0]
464 12 [0]
448 539 [0]
465 17 [0]
466 4 [0]
467 183 [0]
468 346 [0]
469 28 [0]
470 259 [0]
471 10 [0]
472 15 [0]
242 406 [0]
94 173 [0]
154 210 [0]
473 356 [0]
108 206 [0]
125 629 [0]
474 200 [0]
475 781 [0]
476 4 [0]
477 363 [0]
424 749 [0]
478 301 [0]
284 565 [0]
129 381 [0]
479 306 [0]
125 14 [0]
480 622 [0]
481 396 [0]
255 125 [0]
482 130 [0]
483 123 [0]
484 580 [0]
485 302 [0]
486 87 [0]
487 598 [0]
488 90 [0]
489 606 [0]
28 574 [0]
490 0 [0]
491 135 [0]
218 237 [0]
492 511 [0]
493 12 [0]
206 512 [0]
494 17 [0]
495 14 [0]
496 778 [0]
497 127 [0]
498 791 [0]
499 671 [0]
500 521 [0]
0 317 [0]
501 251 [0]
502 227 [0]
403 13 [0]
85 395 [0]
503 769 [0]
45 603 [0]
505 344 [0]
506 599 [0]
507 289 [0]
508 547 [0]
509 548 [0]
357 17 [0]
510 501 [0]
511 623 [0]
512 10 [0]
249 408 [0]
513 238 [0]
41 314 [0]
514 653 [0]
515 265 [0]
289 29 [0]
516 451 [0]
517 113 [0]
36 0 [0]
518 307 [0]
519 193 [0]
502 430 [0]
520 150 [0]
521 235 [0]
78 477 [0]
522 675 [0]
523 224 [0]
524 759 [0]
477 523 [0]
525 493 [0]
526 25 [0]
527 245 [0]
528 345 [0]
529 408 [0]
530 502 [0]
531 9 [0]
532 66 [0]
44 247 [0]
533 418 [0]
296 293 [0]
534 213 [0]
535 503 [0]
536 335 [0]
274 102 [0]
537 777 [0]
538 65 [0]
539 352 [0]
447 4 [0]
540 1 [0]
541 22 [0]
118 470 [0]
10 206 [0]
542 233 [0]
180 311 [0]
40 402 [0]
119 587 [0]
543 788 [0]
308 401 [0]
272 218 [0]
247 539 [0]
544 639 [0]
545 33 [0]
546 183 [0]
547 367 [0]
164 766 [0]
548 566 [0]
549 88 [0]
339 216 [0]
117 698 [0]
550 646 [0]
92 721 [0]
551 170 [0]
32 39 [0]
552 667 [0]
553 753 [0]
331 249 [0]
12 677 [0]
52 362 [0]
554 296 [0]
555 101 [0]
556 267 [0]
557 199 [0]
558 372 [0]
559 601 [0]
210 4 [0]
319 615 [0]
560 567 [0]
561 423 [0]
562 112 [0]
563 455 [0]
122 146 [0]
564 572 [0]
565 434 [0]
566 739 [0]
398 7 [0]
567 147 [0]
536 694 [0]
568 97 [0]
461 643 [0]
161 321 [0]
569 613 [0]
570 229 [0]
453 1 [0]
571 379 [0]
572 554 [0]
573 12 [0]
574 104 [0]
575 795 [0]
46 377 [0]
576 585 [0]
577 726 [0]
412 206 [0]
578 730 [0]
579 3 [0]
291 221 [0]
580 578 [0]
581 333 [0]
26 63 [0]
276 523 [0]
582 223 [0]
273 745 [0]
583 465 [0]
584 93 [0]
21 125 [0]
585 2 [0]
290 2 [0]
586 427 [0]
104 28 [0]
587 185 [0]
588 690 [0]
589 78 [0]
228 518 [0]
590 234 [0]
591 68 [0]
592 176 [0]
593 692 [0]
594 332 [0]
595 518 [0]
596 49 [0]
597 621 [0]
53 227 [0]
598 584 [0]
599 94 [0]
600 371 [0]
601 6 [0]
602 30 [0]
603 385 [0]
146 634 [0]
604 607 [0]
605 105 [0]
606 269 [0]
193 364 [0]
607 13 [0]
608 533 [0]
609 594 [0]
610 184 [0]
270 716 [0]
611 22 [0]
612 247 [0]
613 125 [0]
614 491 [0]
615 493 [0]
608 270 [0]
616 250 [0]
617 73 [0]
618 430 [0]
619 404 [0]
620 78 [0]
36 146 [0]
621 311 [0]
459 495 [0]
622 21 [0]
623 582 [0]
624 155 [0]
401 1 [0]
625 535 [0]
626 593 [0]
385 559 [0]
627 4 [0]
628 191 [0]
36 750 [0]
30 222 [0]
629 121 [0]
92 24 [0]
630 474 [0]
631 507 [0]
632 362 [0]
633 14 [0]
634 249 [0]
635 761 [0]
636 76 [0]
637 470 [0]
638 17 [0]
639 79 [0]
640 563 [0]
371 424 [0]
387 604 [0]
641 669 [0]
642 794 [0]
28 0 [0]
643 319 [0]
83 633 [0]
644 140 [0]
645 421 [0]
646 22 [0]
180 490 [0]
647 608 [0]
648 402 [0]
649 80 [0]
787 574 [0]
650 545 [0]
480 21 [0]
651 530 [0]
652 262 [0]
653 10 [0]
654 734 [0]
523 78 [0]
655 782 [0]
66 740 [0]
199 90 [0]
482 715 [0]
656 479 [0]
199 12 [0]
657 127 [0]
658 148 [0]
659 17 [0]
660 130 [0]
661 568 [0]
429 147 [0]
662 444 [0]
372 37 [0]
663 128 [0]
112 180 [0]
664 461 [0]
665 434 [0]
666 117 [0]
667 161 [0]
668 129 [0]
371 105 [0]
176 9 [0]
669 343 [0]
123 571 [0]
670 655 [0]
671 238 [0]
672 36 [0]
673 81 [0]
674 419 [0]
619 437 [0]
675 645 [0]
676 581 [0]
24 5 [0]
679 416 [0]
677 553 [0]
678 770 [0]
185 468 [0]
679 1 [0]
35 303 [0]
284 434 [0]
680 589 [0]
681 48 [0]
536 655 [0]
532 601 [0]
682 464 [0]
683 60 [0]
576 124 [0]
117 134 [0]
684 506 [0]
247 448 [0]
685 519 [0]
686 174 [0]
687 107 [0]
688 642 [0]
689 551 [0]
690 699 [0]
691 752 [0]
290 616 [0]
692 232 [0]
693 590 [0]
694 670 [0]
695 203 [0]
696 308 [0]
697 413 [0]
538 384 [0]
387 542 [0]
260 123 [0]
698 414 [0]
155 743 [0]
32 768 [0]
699 705 [0]
700 412 [0]
310 259 [0]
51 492 [0]
701 164 [0]
296 87 [0]
702 397 [0]
703 3 [0]
18 76 [0]
704 626 [0]
705 168 [0]
706 14 [0]
707 387 [0]
708 167 [0]
709 118 [0]
710 172 [0]
711 290 [0]
224 276 [0]
712 236 [0]
713 265 [0]
714 688 [0]
715 19 [0]
716 713 [0]
28 708 [0]
717 115 [0]
718 436 [0]
719 637 [0]
102 543 [0]
265 270 [0]
720 38 [0]
721 323 [0]
722 546 [0]
72 4 [0]
250 290 [0]
723 21 [0]
724 187 [0]
725 509 [0]
66 373 [0]
726 110 [0]
661 10 [0]
308 679 [0]
727 549 [0]
728 299 [0]
423 469 [0]
729 98 [0]
7 469 [0]
401 696 [0]
730 42 [0]
731 12 [0]
64 2 [0]
732 636 [0]
733 238 [0]
734 53 [0]
735 177 [0]
562 12 [0]
736 799 [0]
737 1 [0]
733 10 [0]
738 66 [0]
739 478 [0]
740 731 [0]
161 552 [0]
741 62 [0]
742 190 [0]
743 65 [0]
744 30 [0]
745 446 [0]
474 30 [0]
746 121 [0]
747 220 [0]
748 56 [0]
749 4 [0]
750 378 [0]
751 35 [0]
752 204 [0]
271 60 [0]
753 103 [0]
754 45 [0]
755 4 [0]
94 684 [0]
625 286 [0]
756 767 [0]
757 93 [0]
758 72 [0]
759 165 [0]
760 620 [0]
761 727 [0]
762 28 [0]
763 153 [0]
765 685 [0]
127 482 [0]
11 395 [0]
766 291 [0]
767 271 [0]
768 5 [0]
769 173 [0]
770 526 [0]
771 785 [0]
772 508 [0]
773 22 [0]
255 790 [0]
774 23 [0]
335 165 [0]
775 1 [0]
776 74 [0]
284 185 [0]
417 604 [0]
143 518 [0]
470 190 [0]
777 724 [0]
778 146 [0]
779 450 [0]
780 17 [0]
2 239 [0]
781 786 [0]
782 562 [0]
107 537 [0]
783 488 [0]
784 82 [0]
206 28 [0]
139 147 [0]
785 532 [0]
786 681 [0]
787 167 [0]
788 99 [0]
789 14 [0]
63 212 [0]
127 128 [0]
353 747 [0]
790 21 [0]
245 227 [0]
473 767 [0]
791 222 [0]
17 194 [0]
212 7 [0]
792 330 [0]
793 291 [0]
794 409 [0]
490 759 [0]
564 554 [0]
795 635 [0]
663 127 [0]
768 428 [0]
302 693 [0]
439 458 [0]
1 340 [0]
796 24 [0]
797 326 [0]
798 432 [0]
799 427 [0]
0 38 [0]
1 37 [0]
2 785 [0]
3 580 [0]
3 321 [0]
4 447 [0]
5 366 [0]
3 0 [0]
6 124 [0]
7 459 [0]
8 781 [0]
9 486 [0]
10 352 [0]
11 75 [0]
8 172 [0]
4 266 [0]
12 481 [0]
13 619 [0]
7 227 [0]
6 725 [0]
0 465 [0]
14 290 [0]
15 108 [0]
2 401 [0]
4 332 [0]
16 237 [0]
17 195 [0]
18 666 [0]
19 23 [0]
13 616 [0]
17 301 [0]
20 196 [0]
21 424 [0]
22 421 [0]
14 77 [0]
10 541 [0]
23 91 [0]
6 113 [0]
10 178 [0]
24 349 [0]
25 354 [0]
13 503 [0]
26 328 [0]
12 498 [0]
27 492 [0]
28 735 [0]
29 147 [0]
30 340 [0]
31 746 [0]
32 123 [0]
33 69 [0]
34 296 [0]
35 515 [0]
36 461 [0]
37 310 [0]
38 757 [0]
39 3 [0]
40 229 [0]
27 314 [0]
41 782 [0]
42 564 [0]
6 760 [0]
43 264 [0]
7 165 [0]
44 32 [0]
35 145 [0]
45 675 [0]
46 58 [0]
47 52 [0]
48 153 [0]
12 388 [0]
49 63 [0]
50 176 [0]
51 1 [0]
4 26 [0]
7 88 [0]
52 379 [0]
53 742 [0]
54 221 [0]
55 141 [0]
3 44 [0]
56 416 [0]
57 633 [0]
48 607 [0]
10 674 [0]
58 658 [0]
59 671 [0]
60 169 [0]
61 547 [0]
62 35 [0]
63 480 [0]
10 38 [0]
64 197 [0]
1 792 [0]
4 194 [0]
65 544 [0]
50 61 [0]
66 159 [0]
4 499 [0]
2 80 [0]
67 175 [0]
25 17 [0]
68 569 [0]
47 219 [0]
64 50 [0]
68 306 [0]
62 383 [0]
1 717 [0]
69 344 [0]
6 47 [0]
70 467 [0]
71 86 [0]
72 73 [0]
73 799 [0]
12 743 [0]
15 400 [0]
74 353 [0]
75 346 [0]
7 142 [0]
76 457 [0]
77 248 [0]
7 205 [0]
78 12 [0]
79 103 [0]
80 6 [0]
81 378 [0]
82 224 [0]
28 576 [0]
83 122 [0]
84 107 [0]
85 495 [0]
86 275 [0]
87 211 [0]
70 128 [0]
62 101 [0]
3 626 [0]
6 638 [0]
88 177 [0]
89 625 [0]
90 208 [0]
91 255 [0]
92 715 [0]
93 61 [0]
19 129 [0]
94 19 [0]
95 732 [0]
96 709 [0]
58 47 [0]
8 184 [0]
97 609 [0]
98 294 [0]
99 4 [0]
100 140 [0]
76 242 [0]
101 605 [0]
4 691 [0]
102 53 [0]
103 230 [0]
104 285 [0]
105 600 [0]
22 121 [0]
66 151 [0]
106 494 [0]
41 697 [0]
8 25 [0]
107 734 [0]
51 85 [0]
108 484 [0]
109 13 [0]
110 203 [0]
111 376 [0]
112 9 [0]
44 380 [0]
113 271 [0]
114 42 [0]
115 34 [0]
116 295 [0]
117 790 [0]
118 719 [0]
17 66 [0]
119 115 [0]
120 162 [0]
121 764 [0]
122 65 [0]
123 250 [0]
124 663 [0]
125 199 [0]
16 581 [0]
126 451 [0]
64 226 [0]
127 32 [0]
42 72 [0]
128 513 [0]
129 214 [0]
130 761 [0]
131 81 [0]
132 182 [0]
133 8 [0]
134 713 [0]
135 528 [0]
8 19 [0]
33 259 [0]
136 614 [0]
137 96 [0]
138 0 [0]
139 348 [0]
140 0 [0]
141 238 [0]
142 57 [0]
57 72 [0]
3 767 [0]
143 797 [0]
144 384 [0]
145 491 [0]
146 274 [0]
147 1 [0]
148 23 [0]
149 426 [0]
150 729 [0]
20 718 [0]
114 155 [0]
151 590 [0]
152 444 [0]
141 18 [0]
153 87 [0]
0 583 [0]
57 202 [0]
154 98 [0]
129 304 [0]
155 333 [0]
156 207 [0]
157 428 [0]
158 249 [0]
159 166 [0]
160 68 [0]
161 17 [0]
162 409 [0]
163 396 [0]
35 615 [0]
164 267 [0]
4 394 [0]
165 420 [0]
166 163 [0]
167 667 [0]
168 395 [0]
169 612 [0]
170 653 [0]
75 343 [0]
159 18 [0]
40 670 [0]
171 146 [0]
70 6 [0]
172 244 [0]
173 179 [0]
74 374 [0]
23 28 [0]
174 236 [0]
175 371 [0]
176 6 [0]
177 160 [0]
178 138 [0]
179 287 [0]
180 50 [0]
181 174 [0]
182 93 [0]
58 6 [0]
183 382 [0]
184 326 [0]
185 25 [0]
57 452 [0]
186 44 [0]
25 111 [0]
187 570 [0]
188 325 [0]
189 680 [0]
190 4 [0]
191 7 [0]
192 64 [0]
193 6 [0]
194 784 [0]
195 649 [0]
196 183 [0]
197 232 [0]
198 28 [0]
6 212 [0]
68 596 [0]
199 327 [0]
200 645 [0]
201 540 [0]
202 705 [0]
203 2 [0]
204 13 [0]
205 637 [0]
201 302 [0]
206 7 [0]
207 137 [0]
84 361 [0]
208 94 [0]
209 450 [0]
210 390 [0]
211 18 [0]
212 693 [0]
213 639 [0]
214 28 [0]
215 726 [0]
216 783 [0]
217 11 [0]
218 778 [0]
219 181 [0]
202 68 [0]
0 110 [0]
220 258 [0]
221 432 [0]
222 116 [0]
178 283 [0]
64 136 [0]
223 68 [0]
224 776 [0]
225 29 [0]
3 68 [0]
226 189 [0]
227 723 [0]
228 245 [0]
229 187 [0]
230 215 [0]
231 463 [0]
232 125 [0]
233 73 [0]
234 408 [0]
60 403 [0]
235 364 [0]
236 21 [0]
57 554 [0]
112 144 [0]
237 642 [0]
238 225 [0]
239 173 [0]
240 623 [0]
164 611 [0]
241 525 [0]
242 262 [0]
243 454 [0]
244 694 [0]
204 109 [0]
245 193 [0]
246 410 [0]
247 217 [0]
248 292 [0]
249 752 [0]
250 510 [0]
204 763 [0]
241 68 [0]
141 574 [0]
57 438 [0]
57 114 [0]
251 135 [0]
252 549 [0]
249 273 [0]
253 542 [0]
127 527 [0]
139 4 [0]
254 0 [0]
253 70 [0]
255 102 [0]
240 47 [0]
256 684 [0]
152 7 [0]
157 204 [0]
6 140 [0]
257 313 [0]
258 650 [0]
259 706 [0]
79 230 [0]
260 73 [0]
261 509 [0]
262 56 [0]
263 716 [0]
264 59 [0]
265 427 [0]
266 17 [0]
267 107 [0]
27 80 [0]
268 180 [0]
269 661 [0]
61 176 [0]
84 589 [0]
190 78 [0]
270 425 [0]
151 1 [0]
271 27 [0]
272 546 [0]
273 698 [0]
223 269 [0]
30 553 [0]
274 585 [0]
165 363 [0]
275 24 [0]
276 602 [0]
277 506 [0]
130 260 [0]
278 474 [0]
23 417 [0]
188 629 [0]
279 370 [0]
233 72 [0]
280 144 [0]
151 147 [0]
109 184 [0]
282 254 [0]
283 512 [0]
48 32 [0]
108 795 [0]
27 6 [0]
284 322 [0]
285 31 [0]
286 331 [0]
232 226 [0]
182 641 [0]
287 67 [0]
288 786 [0]
78 194 [0]
289 692 [0]
290 112 [0]
291 204 [0]
2 30 [0]
292 268 [0]
293 665 [0]
294 446 [0]
295 696 [0]
296 150 [0]
297 357 [0]
298 252 [0]
299 578 [0]
273 221 [0]
201 566 [0]
300 17 [0]
301 407 [0]
302 216 [0]
303 8 [0]
13 193 [0]
304 23 [0]
171 134 [0]
96 58 [0]
151 360 [0]
305 41 [0]
156 644 [0]
306 74 [0]
6 56 [0]
45 727 [0]
307 347 [0]
171 737 [0]
308 12 [0]
309 90 [0]
310 30 [0]
162 46 [0]
311 305 [0]
312 335 [0]
313 391 [0]
56 242 [0]
283 647 [0]
314 418 [0]
313 789 [0]
134 23 [0]
55 66 [0]
84 6 [0]
315 464 [0]
227 362 [0]
316 60 [0]
4 17 [0]
317 134 [0]
93 779 [0]
318 571 [0]
101 365 [0]
111 185 [0]
319 724 [0]
63 545 [0]
118 4 [0]
320 367 [0]
321 82 [0]
322 33 [0]
323 466 [0]
324 111 [0]
325 286 [0]
326 13 [0]
327 656 [0]
328 337 [0]
283 10 [0]
329 636 [0]
330 256 [0]
331 167 [0]
332 22 [0]
333 62 [0]
334 323 [0]
335 15 [0]
62 155 [0]
55 669 [0]
336 40 [0]
337 280 [0]
338 209 [0]
175 295 [0]
47 16 [0]
339 703 [0]
340 251 [0]
341 109 [0]
342 261 [0]
343 36 [0]
144 520 [0]
151 17 [0]
69 284 [0]
344 154 [0]
345 51 [0]
10 0 [0]
346 434 [0]
347 269 [0]
348 303 [0]
269 307 [0]
349 771 [0]
184 351 [0]
350 118 [0]
23 470 [0]
351 341 [0]
352 220 [0]
353 318 [0]
212 575 [0]
354 442 [0]
355 162 [0]
356 640 [0]
109 326 [0]
357 745 [0]
19 551 [0]
358 172 [0]
359 16 [0]
360 500 [0]
274 23 [0]
361 299 [0]
362 62 [0]
363 521 [0]
364 750 [0]
365 398 [0]
135 476 [0]
366 97 [0]
293 433 [0]
367 138 [0]
313 730 [0]
368 206 [0]
369 770 [0]
370 413 [0]
202 88 [0]
371 222 [0]
372 552 [0]
7 559 [0]
373 21 [0]
93 64 [0]
257 355 [0]
0 203 [0]
374 704 [0]
375 126 [0]
350 324 [0]
376 679 [0]
377 329 [0]
126 385 [0]
82 7 [0]
378 462 [0]
379 92 [0]
380 231 [0]
381 46 [0]
382 572 [0]
383 72 [0]
367 556 [0]
384 749 [0]
385 48 [0]
386 0 [0]
387 648 [0]
388 316 [0]
389 49 [0]
390 597 [0]
78 4 [0]
391 381 [0]
392 177 [0]
393 43 [0]
148 443 [0]
394 504 [0]
395 402 [0]
396 534 [0]
391 740 [0]
397 317 [0]
398 526 [0]
374 686 [0]
399 632 [0]
356 56 [0]
400 127 [0]
401 538 [0]
402 139 [0]
403 78 [0]
404 106 [0]
217 154 [0]
405 458 [0]
406 198 [0]
397 134 [0]
407 291 [0]
268 621 [0]
203 502 [0]
408 336 [0]
409 662 [0]
410 14 [0]
411 455 [0]
412 198 [0]
413 741 [0]
414 39 [0]
415 192 [0]
25 768 [0]
416 2 [0]
417 794 [0]
42 787 [0]
4 603 [0]
418 282 [0]
419 10 [0]
421 490 [0]
27 203 [0]
422 96 [0]
423 359 [0]
424 13 [0]
425 136 [0]
426 397 [0]
427 74 [0]
428 13 [0]
162 529 [0]
290 687 [0]
429 406 [0]
430 479 [0]
431 460 [0]
418 617 [0]
432 19 [0]
433 475 [0]
434 45 [0]
124 477 [0]
435 191 [0]
352 599 [0]
436 57 [0]
297 166 [0]
427 191 [0]
437 7 [0]
438 7 [0]
188 172 [0]
439 560 [0]
440 533 [0]
441 277 [0]
122 210 [0]
442 701 [0]
443 748 [0]
444 342 [0]
17 720 [0]
445 270 [0]
446 5 [0]
447 168 [0]
438 537 [0]
448 6 [0]
449 210 [0]
450 133 [0]
451 32 [0]
295 380 [0]
452 233 [0]
453 7 [0]
454 56 [0]
455 0 [0]
456 676 [0]
64 232 [0]
457 712 [0]
214 304 [0]
32 584 [0]
458 80 [0]
3 721 [0]
459 62 [0]
461 419 [0]
101 591 [0]
462 6 [0]
463 522 [0]
464 19 [0]
151 762 [0]
465 84 [0]
466 766 [0]
299 84 [0]
467 536 [0]
468 440 [0]
469 399 [0]
271 80 [0]
274 496 [0]
470 281 [0]
471 478 [0]
472 5 [0]
430 386 [0]
473 568 [0]
201 482 [0]
422 63 [0]
474 514 [0]
475 507 [0]
476 186 [0]
477 539 [0]
617 519 [0]
478 415 [0]
479 0 [0]
221 501 [0]
480 156 [0]
481 565 [0]
482 17 [0]
483 23 [0]
202 177 [0]
484 48 [0]
485 678 [0]
486 309 [0]
487 17 [0]
488 312 [0]
489 23 [0]
490 683 [0]
205 374 [0]
491 117 [0]
96 47 [0]
240 577 [0]
492 110 [0]
493 472 [0]
397 417 [0]
494 76 [0]
495 157 [0]
496 412 [0]
19 249 [0]
497 682 [0]
498 26 [0]
499 592 [0]
500 161 [0]
247 446 [0]
444 744 [0]
501 464 [0]
502 80 [0]
247 98 [0]
198 651 [0]
0 6 [0]
503 598 [0]
109 351 [0]
499 350 [0]
504 25 [0]
505 5 [0]
506 148 [0]
507 543 [0]
509 497 [0]
510 213 [0]
511 369 [0]
512 695 [0]
212 237 [0]
513 387 [0]
514 657 [0]
152 321 [0]
515 445 [0]
136 192 [0]
516 356 [0]
517 796 [0]
518 660 [0]
203 80 [0]
95 6 [0]
519 6 [0]
520 14 [0]
521 439 [0]
125 672 [0]
522 67 [0]
254 418 [0]
523 260 [0]
315 19 [0]
524 6 [0]
525 223 [0]
241 3 [0]
29 87 [0]
495 654 [0]
490 209 [0]
526 114 [0]
527 108 [0]
528 71 [0]
529 58 [0]
530 437 [0]
531 293 [0]
532 550 [0]
504 111 [0]
122 390 [0]
533 3 [0]
384 736 [0]
534 586 [0]
66 756 [0]
535 68 [0]
148 441 [0]
479 367 [0]
536 20 [0]
537 227 [0]
538 393 [0]
539 56 [0]
540 66 [0]
541 284 [0]
417 134 [0]
26 606 [0]
542 622 [0]
543 65 [0]
544 635 [0]
545 714 [0]
546 489 [0]
547 524 [0]
548 105 [0]
549 3 [0]
550 218 [0]
551 188 [0]
470 28 [0]
22 209 [0]
552 85 [0]
553 373 [0]
5 567 [0]
57 787 [0]
6 271 [0]
554 523 [0]
555 247 [0]
339 421 [0]
556 739 [0]
557 655 [0]
227 438 [0]
352 700 [0]
88 374 [0]
558 754 [0]
559 57 [0]
560 234 [0]
192 93 [0]
561 643 [0]
562 239 [0]
563 4 [0]
564 57 [0]
458 6 [0]
565 234 [0]
566 300 [0]
337 90 [0]
567 677 [0]
156 775 [0]
99 12 [0]
568 143 [0]
569 582 [0]
110 27 [0]
253 128 [0]
570 99 [0]
571 279 [0]
66 141 [0]
572 404 [0]
573 430 [0]
177 68 [0]
574 731 [0]
47 664 [0]
227 459 [0]
575 170 [0]
576 281 [0]
111 753 [0]
58 162 [0]
269 525 [0]
577 215 [0]
64 610 [0]
578 519 [0]
579 54 [0]
341 601 [0]
98 780 [0]
580 488 [0]
581 79 [0]
582 411 [0]
583 448 [0]
584 126 [0]
585 198 [0]
241 223 [0]
586 289 [0]
587 158 [0]
588 449 [0]
589 254 [0]
590 29 [0]
268 232 [0]
591 114 [0]
592 324 [0]
593 471 [0]
594 12 [0]
595 14 [0]
596 392 [0]
495 773 [0]
597 561 [0]
598 483 [0]
422 545 [0]
136 270 [0]
7 374 [0]
599 0 [0]
600 240 [0]
601 354 [0]
60 190 [0]
151 161 [0]
602 78 [0]
603 681 [0]
421 25 [0]
604 85 [0]
405 6 [0]
469 577 [0]
2 196 [0]
605 42 [0]
606 12 [0]
607 375 [0]
178 352 [0]
608 532 [0]
609 511 [0]
294 247 [0]
610 557 [0]
147 590 [0]
611 6 [0]
612 190 [0]
60 78 [0]
265 74 [0]
613 355 [0]
614 557 [0]
615 64 [0]
616 288 [0]
617 84 [0]
618 613 [0]
377 12 [0]
619 334 [0]
412 146 [0]
620 531 [0]
621 144 [0]
622 128 [0]
7 57 [0]
623 79 [0]
624 473 [0]
625 201 [0]
626 152 [0]
627 185 [0]
12 26 [0]
628 278 [0]
629 358 [0]
630 659 [0]
631 389 [0]
632 47 [0]
633 131 [0]
634 690 [0]
618 162 [0]
635 562 [0]
636 594 [0]
637 738 [0]
83 390 [0]
638 100 [0]
639 620 [0]
640 243 [0]
88 559 [0]
641 57 [0]
539 513 [0]
642 170 [0]
456 372 [0]
643 83 [0]
644 422 [0]
597 83 [0]
54 249 [0]
645 535 [0]
646 593 [0]
114 537 [0]
647 320 [0]
258 599 [0]
648 56 [0]
649 89 [0]
186 3 [0]
650 186 [0]
315 249 [0]
651 652 [0]
85 372 [0]
599 3 [0]
22 4 [0]
652 443 [0]
591 42 [0]
379 47 [0]
653 548 [0]
249 171 [0]
654 372 [0]
655 722 [0]
656 377 [0]
657 228 [0]
658 13 [0]
659 89 [0]
660 186 [0]
661 241 [0]
264 21 [0]
662 257 [0]
162 381 [0]
44 295 [0]
108 335 [0]
623 600 [0]
614 610 [0]
663 95 [0]
357 4 [0]
664 774 [0]
665 772 [0]
666 55 [0]
667 104 [0]
668 311 [0]
54 273 [0]
669 159 [0]
670 563 [0]
671 21 [0]
623 230 [0]
672 685 [0]
574 151 [0]
25 394 [0]
673 699 [0]
18 55 [0]
674 493 [0]
675 431 [0]
412 708 [0]
676 604 [0]
677 751 [0]
678 18 [0]
6 664 [0]
679 508 [0]
680 368 [0]
681 688 [0]
338 22 [0]
682 435 [0]
683 25 [0]
684 608 [0]
685 26 [0]
686 68 [0]
321 626 [0]
164 84 [0]
687 144 [0]
198 684 [0]
39 44 [0]
688 759 [0]
218 608 [0]
689 485 [0]
690 412 [0]
691 297 [0]
692 468 [0]
693 263 [0]
388 777 [0]
694 188 [0]
695 386 [0]
696 414 [0]
697 788 [0]
116 175 [0]
547 6 [0]
698 315 [0]
699 162 [0]
209 121 [0]
574 66 [0]
700 733 [0]
701 341 [0]
280 90 [0]
702 456 [0]
204 765 [0]
703 627 [0]
107 164 [0]
679 627 [0]
704 160 [0]
705 200 [0]
38 5 [0]
0 448 [0]
706 75 [0]
707 453 [0]
708 171 [0]
377 125 [0]
709 755 [0]
710 4 [0]
711 120 [0]
712 2 [0]
713 272 [0]
714 96 [0]
715 631 [0]
617 314 [0]
716 170 [0]
717 702 [0]
112 687 [0]
718 253 [0]
719 339 [0]
720 630 [0]
721 518 [0]
373 30 [0]
722 747 [0]
723 114 [0]
724 66 [0]
725 235 [0]
47 79 [0]
200 535 [0]
726 469 [0]
235 359 [0]
342 318 [0]
314 282 [0]
727 517 [0]
489 272 [0]
728 0 [0]
584 451 [0]
729 2 [0]
730 162 [0]
665 543 [0]
731 319 [0]
421 4 [0]
732 70 [0]
733 138 [0]
734 6 [0]
735 330 [0]
736 595 [0]
737 634 [0]
44 696 [0]
738 265 [0]
739 573 [0]
740 673 [0]
741 298 [0]
462 633 [0]
742 628 [0]
743 710 [0]
744 191 [0]
745 707 [0]
746 13 [0]
747 646 [0]
578 84 [0]
4 60 [0]
748 429 [0]
156 793 [0]
41 769 [0]
749 246 [0]
55 159 [0]
750 423 [0]
751 247 [0]
752 579 [0]
753 350 [0]
754 624 [0]
484 127 [0]
755 711 [0]
108 580 [0]
719 758 [0]
756 482 [0]
757 505 [0]
758 4 [0]
759 229 [0]
760 516 [0]
761 436 [0]
762 161 [0]
763 372 [0]
764 798 [0]
765 25 [0]
766 345 [0]
767 307 [0]
768 351 [0]
769 134 [0]
770 555 [0]
771 119 [0]
159 666 [0]
772 588 [0]
773 204 [0]
774 235 [0]
726 577 [0]
775 137 [0]
776 530 [0]
777 78 [0]
577 399 [0]
438 114 [0]
570 681 [0]
3 661 [0]
208 8 [0]
778 587 [0]
388 78 [0]
249 579 [0]
779 270 [0]
726 230 [0]
56 387 [0]
780 472 [0]
781 26 [0]
257 409 [0]
782 171 [0]
783 487 [0]
784 276 [0]
785 728 [0]
786 791 [0]
787 130 [0]
788 149 [0]
293 463 [0]
789 618 [0]
258 352 [0]
790 558 [0]
791 41 [0]
792 161 [0]
372 204 [0]
196 76 [0]
793 96 [0]
794 668 [0]
795 689 [0]
796 259 [0]
68 74 [0]
797 132 [0]
798 338 [0]
799 130 [0]
