# category: automatic
# problem: 9
1000
8
0
1
2
3
4
5
6
7
8
9
10
11
12
13
14
15
16
17
18
19
20
21
22
23
24
25
26
27
28
29
30
31
32
33
34
35
36
37
38
39
40
41
42
43
44
45
46
47
48
49
50
51
52
53
54
55
56
57
58
59
60
61
62
63
64
65
66
67
68
69
70
71
72
73
74
75
76
77
78
79
80
81
82
83
84
85
86
87
88
89
90
91
92
93
94
95
96
97
98
99
100
101
102
103
104
105
106
107
108
109
110
111
112
113
114
115
116
117
118
119
120
121
122
123
124
125
126
127
128
129
130
131
132
133
134
135
136
137
138
139
140
141
142
143
144
145
146
147
148
149
150
151
152
153
154
155
156
157
158
159
160
161
162
163
164
165
166
167
168
169
170
171
172
173
174
175
176
177
178
179
180
181
182
183
184
185
186
187
188
189
190
191
192
193
194
195
196
197
198
199
200
201
202
203
204
205
206
207
208
209
210
211
212
213
214
215
216
217
218
219
220
221
222
223
224
225
226
227
228
229
230
231
232
233
234
235
236
237
238
239
240
241
242
243
244
245
246
247
248
249
250
251
252
253
254
255
256
257
258
259
260
261
262
263
264
265
266
267
268
269
270
271
272
273
274
275
276
277
278
279
280
281
282
283
284
285
286
287
288
289
290
291
292
293
294
295
296
297
298
299
300
301
302
303
304
305
306
307
308
309
310
311
312
313
314
315
316
317
318
319
320
321
322
323
324
325
326
327
328
329
330
331
332
333
334
335
336
337
338
339
340
341
342
343
344
345
346
347
348
349
350
351
352
353
354
355
356
357
358
359
360
361
362
363
364
365
366
367
368
369
370
371
372
373
374
375
376
377
378
379
380
381
382
383
384
385
386
387
388
389
390
391
392
393
394
395
396
397
398
399
400
401
402
403
404
405
406
407
408
409
410
411
412
413
414
415
416
417
418
419
420
421
422
423
424
425
426
427
428
429
430
431
432
433
434
435
436
437
438
439
440
441
442
443
444
445
446
447
448
449
450
451
452
453
454
455
456
457
458
459
460
461
462
463
464
465
466
467
468
469
470
471
472
473
474
475
476
477
478
479
480
481
482
483
484
485
486
487
488
489
490
491
492
493
494
495
496
497
498
499
500
501
502
503
504
505
506
507
508
509
510
511
512
513
514
515
516
517
518
519
520
521
522
523
524
525
526
527
528
529
530
531
532
533
534
535
536
537
538
539
540
541
542
543
544
545
546
547
548
549
550
551
552
553
554
555
556
557
558
559
560
561
562
563
564
565
566
567
568
569
570
571
572
573
574
575
576
577
578
579
580
581
582
583
584
585
586
587
588
589
590
591
592
593
594
595
596
597
598
599
600
601
602
603
604
605
606
607
608
609
610
611
612
613
614
615
616
617
618
619
620
621
622
623
624
625
626
627
628
629
630
631
632
633
634
635
636
637
638
639
640
641
642
643
644
645
646
647
648
649
650
651
652
653
654
655
656
657
658
659
660
661
662
663
664
665
666
667
668
669
670
671
672
673
674
675
676
677
678
679
680
681
682
683
684
685
686
687
688
689
690
691
692
693
694
695
696
697
698
699
700
701
702
703
704
705
706
707
708
709
710
711
712
713
714
715
716
717
718
719
720
721
722
723
724
725
726
727
728
729
730
731
732
733
734
735
736
737
738
739
740
741
742
743
744
745
746
747
748
749
750
751
752
753
754
755
756
757
758
759
760
761
762
763
764
765
766
767
768
769
770
771
772
773
774
775
776
777
778
779
780
781
782
783
784
785
786
787
788
789
790
791
792
793
794
795
796
797
798
799
800
801
802
803
804
805
806
807
808
809
810
811
812
813
814
815
816
817
818
819
820
821
822
823
824
825
826
827
828
829
830
831
832
833
834
835
836
837
838
839
840
841
842
843
844
845
846
847
848
849
850
851
852
853
854
855
856
857
858
859
860
861
862
863
864
865
866
867
868
869
870
871
872
873
874
875
876
877
878
879
880
881
882
883
884
885
886
887
888
889
890
891
892
893
894
895
896
897
898
899
900
901
902
903
904
905
906
907
908
909
910
911
912
913
914
915
916
917
918
919
920
921
922
923
924
925
926
927
928
929
930
931
932
933
934
935
936
937
938
939
940
941
942
943
944
945
946
947
948
949
950
951
952
953
954
955
956
957
958
959
960
961
962
963
964
965
966
967
968
969
970
971
972
973
974
975
976
977
978
979
980
981
982
983
984
985
986
987
988
989
990
991
992
993
994
995
996
997
998
999
0 1 [0]
0 2 [0]
0 3 [0]
0 4 [0]
0 5 [0]
0 7 [0]
0 8 [0]
0 9 [0]
1 2 [0]
1 3 [0]
1 4 [0]
1 5 [0]
1 6 [0]
1 7 [0]
1 8 [0]
1 9 [0]
2 3 [0]
2 4 [0]
2 5 [0]
2 6 [0]
2 7 [0]
2 8 [0]
2 9 [0]
3 4 [0]
3 5 [0]
3 6 [0]
3 7 [0]
3 8 [0]
3 9 [0]
4 5 [0]
4 6 [0]
4 7 [0]
4 8 [0]
4 9 [0]
5 6 [0]
5 7 [0]
5 8 [0]
5 9 [0]
6 7 [0]
6 8 [0]
6 9 [0]
7 8 [0]
7 9 [0]
8 9 [0]
0 10 [0]
1 10 [0]
2 10 [0]
4 10 [0]
5 10 [0]
6 10 [0]
7 10 [0]
8 10 [0]
9 10 [0]
0 11 [0]
2 11 [0]
3 11 [0]
4 11 [0]
5 11 [0]
6 11 [0]
7 11 [0]
8 11 [0]
9 11 [0]
1 12 [0]
2 12 [0]
4 12 [0]
5 12 [0]
6 12 [0]
7 12 [0]
8 12 [0]
9 12 [0]
10 12 [0]
0 13 [0]
1 13 [0]
2 13 [0]
5 13 [0]
6 13 [0]
7 13 [0]
8 13 [0]
9 13 [0]
10 13 [0]
0 14 [0]
1 14 [0]
2 14 [0]
5 14 [0]
7 14 [0]
8 14 [0]
9 14 [0]
10 14 [0]
13 14 [0]
1 15 [0]
2 15 [0]
4 15 [0]
5 15 [0]
6 15 [0]
7 15 [0]
8 15 [0]
9 15 [0]
10 15 [0]
0 16 [0]
1 16 [0]
2 16 [0]
5 16 [0]
8 16 [0]
9 16 [0]
10 16 [0]
13 16 [0]
14 16 [0]
0 17 [0]
1 17 [0]
2 17 [0]
5 17 [0]
8 17 [0]
9 17 [0]
10 17 [0]
14 17 [0]
16 17 [0]
1 18 [0]
2 18 [0]
4 18 [0]
6 18 [0]
7 18 [0]
8 18 [0]
9 18 [0]
10 18 [0]
15 18 [0]
0 19 [0]
1 19 [0]
2 19 [0]
3 19 [0]
4 19 [0]
6 19 [0]
7 19 [0]
8 19 [0]
9 19 [0]
1 20 [0]
2 20 [0]
4 20 [0]
5 20 [0]
6 20 [0]
7 20 [0]
9 20 [0]
10 20 [0]
12 20 [0]
0 21 [0]
1 21 [0]
4 21 [0]
5 21 [0]
6 21 [0]
7 21 [0]
8 21 [0]
9 21 [0]
10 21 [0]
0 22 [0]
1 22 [0]
2 22 [0]
4 22 [0]
5 22 [0]
6 22 [0]
8 22 [0]
9 22 [0]
10 22 [0]
0 23 [0]
2 23 [0]
3 23 [0]
4 23 [0]
6 23 [0]
7 23 [0]
8 23 [0]
9 23 [0]
11 23 [0]
0 24 [0]
1 24 [0]
2 24 [0]
5 24 [0]
8 24 [0]
9 24 [0]
10 24 [0]
13 24 [0]
14 24 [0]
0 25 [0]
1 25 [0]
2 25 [0]
4 25 [0]
5 25 [0]
7 25 [0]
8 25 [0]
9 25 [0]
10 25 [0]
0 26 [0]
1 26 [0]
4 26 [0]
5 26 [0]
7 26 [0]
8 26 [0]
9 26 [0]
10 26 [0]
21 26 [0]
0 27 [0]
1 27 [0]
2 27 [0]
5 27 [0]
8 27 [0]
10 27 [0]
13 27 [0]
14 27 [0]
16 27 [0]
0 28 [0]
1 28 [0]
2 28 [0]
5 28 [0]
8 28 [0]
10 28 [0]
14 28 [0]
16 28 [0]
27 28 [0]
0 29 [0]
1 29 [0]
2 29 [0]
4 29 [0]
5 29 [0]
6 29 [0]
8 29 [0]
10 29 [0]
22 29 [0]
1 30 [0]
2 30 [0]
5 30 [0]
6 30 [0]
7 30 [0]
8 30 [0]
9 30 [0]
10 30 [0]
15 30 [0]
1 31 [0]
2 31 [0]
4 31 [0]
5 31 [0]
6 31 [0]
7 31 [0]
8 31 [0]
9 31 [0]
12 31 [0]
0 32 [0]
1 32 [0]
4 32 [0]
5 32 [0]
6 32 [0]
8 32 [0]
10 32 [0]
22 32 [0]
29 32 [0]
0 33 [0]
1 33 [0]
2 33 [0]
3 33 [0]
5 33 [0]
6 33 [0]
7 33 [0]
8 33 [0]
9 33 [0]
0 34 [0]
2 34 [0]
4 34 [0]
5 34 [0]
7 34 [0]
8 34 [0]
9 34 [0]
10 34 [0]
25 34 [0]
1 35 [0]
2 35 [0]
5 35 [0]
8 35 [0]
10 35 [0]
14 35 [0]
16 35 [0]
27 35 [0]
28 35 [0]
2 36 [0]
3 36 [0]
4 36 [0]
5 36 [0]
6 36 [0]
7 36 [0]
8 36 [0]
9 36 [0]
11 36 [0]
0 37 [0]
2 37 [0]
3 37 [0]
4 37 [0]
6 37 [0]
7 37 [0]
8 37 [0]
9 37 [0]
11 37 [0]
0 38 [0]
2 38 [0]
5 38 [0]
8 38 [0]
10 38 [0]
14 38 [0]
16 38 [0]
27 38 [0]
28 38 [0]
0 39 [0]
1 39 [0]
4 39 [0]
5 39 [0]
6 39 [0]
8 39 [0]
9 39 [0]
10 39 [0]
22 39 [0]
0 40 [0]
1 40 [0]
2 40 [0]
8 40 [0]
9 40 [0]
10 40 [0]
13 40 [0]
14 40 [0]
16 40 [0]
0 41 [0]
1 41 [0]
4 41 [0]
5 41 [0]
6 41 [0]
8 41 [0]
10 41 [0]
22 41 [0]
32 41 [0]
0 42 [0]
1 42 [0]
2 42 [0]
5 42 [0]
6 42 [0]
8 42 [0]
10 42 [0]
22 42 [0]
29 42 [0]
0 43 [0]
1 43 [0]
4 43 [0]
5 43 [0]
7 43 [0]
8 43 [0]
10 43 [0]
21 43 [0]
26 43 [0]
0 44 [0]
1 44 [0]
2 44 [0]
4 44 [0]
5 44 [0]
6 44 [0]
8 44 [0]
10 44 [0]
22 44 [0]
1 45 [0]
2 45 [0]
4 45 [0]
6 45 [0]
7 45 [0]
9 45 [0]
10 45 [0]
12 45 [0]
20 45 [0]
0 46 [0]
2 46 [0]
4 46 [0]
5 46 [0]
6 46 [0]
7 46 [0]
8 46 [0]
9 46 [0]
11 46 [0]
1 47 [0]
2 47 [0]
4 47 [0]
6 47 [0]
7 47 [0]
8 47 [0]
9 47 [0]
10 47 [0]
12 47 [0]
2 48 [0]
3 48 [0]
4 48 [0]
5 48 [0]
6 48 [0]
7 48 [0]
8 48 [0]
9 48 [0]
36 48 [0]
0 49 [0]
1 49 [0]
4 49 [0]
5 49 [0]
6 49 [0]
7 49 [0]
8 49 [0]
9 49 [0]
21 49 [0]
0 50 [0]
1 50 [0]
2 50 [0]
5 50 [0]
8 50 [0]
10 50 [0]
13 50 [0]
16 50 [0]
27 50 [0]
0 51 [0]
1 51 [0]
2 51 [0]
3 51 [0]
5 51 [0]
7 51 [0]
8 51 [0]
9 51 [0]
33 51 [0]
2 52 [0]
4 52 [0]
5 52 [0]
6 52 [0]
7 52 [0]
8 52 [0]
9 52 [0]
10 52 [0]
15 52 [0]
1 53 [0]
2 53 [0]
5 53 [0]
8 53 [0]
10 53 [0]
16 53 [0]
27 53 [0]
28 53 [0]
35 53 [0]
0 54 [0]
1 54 [0]
2 54 [0]
5 54 [0]
7 54 [0]
8 54 [0]
9 54 [0]
10 54 [0]
25 54 [0]
2 55 [0]
3 55 [0]
4 55 [0]
5 55 [0]
7 55 [0]
8 55 [0]
9 55 [0]
36 55 [0]
48 55 [0]
0 56 [0]
2 56 [0]
8 56 [0]
10 56 [0]
14 56 [0]
16 56 [0]
27 56 [0]
28 56 [0]
38 56 [0]
0 57 [0]
2 57 [0]
3 57 [0]
4 57 [0]
6 57 [0]
7 57 [0]
8 57 [0]
9 57 [0]
23 57 [0]
1 58 [0]
2 58 [0]
4 58 [0]
5 58 [0]
6 58 [0]
7 58 [0]
10 58 [0]
12 58 [0]
20 58 [0]
0 59 [0]
1 59 [0]
2 59 [0]
5 59 [0]
8 59 [0]
9 59 [0]
14 59 [0]
16 59 [0]
17 59 [0]
0 60 [0]
1 60 [0]
2 60 [0]
4 60 [0]
5 60 [0]
6 60 [0]
8 60 [0]
9 60 [0]
22 60 [0]
0 61 [0]
1 61 [0]
4 61 [0]
5 61 [0]
6 61 [0]
7 61 [0]
9 61 [0]
21 61 [0]
49 61 [0]
0 62 [0]
2 62 [0]
3 62 [0]
4 62 [0]
7 62 [0]
8 62 [0]
9 62 [0]
23 62 [0]
57 62 [0]
0 63 [0]
1 63 [0]
2 63 [0]
5 63 [0]
8 63 [0]
10 63 [0]
13 63 [0]
14 63 [0]
16 63 [0]
0 64 [0]
1 64 [0]
2 64 [0]
5 64 [0]
8 64 [0]
13 64 [0]
16 64 [0]
27 64 [0]
50 64 [0]
0 65 [0]
1 65 [0]
2 65 [0]
3 65 [0]
4 65 [0]
7 65 [0]
8 65 [0]
9 65 [0]
19 65 [0]
0 66 [0]
1 66 [0]
4 66 [0]
5 66 [0]
6 66 [0]
8 66 [0]
10 66 [0]
22 66 [0]
29 66 [0]
0 67 [0]
1 67 [0]
2 67 [0]
3 67 [0]
4 67 [0]
5 67 [0]
6 67 [0]
7 67 [0]
9 67 [0]
0 68 [0]
1 68 [0]
4 68 [0]
5 68 [0]
7 68 [0]
8 68 [0]
9 68 [0]
21 68 [0]
49 68 [0]
0 69 [0]
1 69 [0]
5 69 [0]
6 69 [0]
7 69 [0]
8 69 [0]
9 69 [0]
10 69 [0]
21 69 [0]
0 70 [0]
1 70 [0]
5 70 [0]
6 70 [0]
7 70 [0]
8 70 [0]
9 70 [0]
10 70 [0]
69 70 [0]
0 71 [0]
1 71 [0]
2 71 [0]
3 71 [0]
5 71 [0]
6 71 [0]
7 71 [0]
8 71 [0]
9 71 [0]
0 72 [0]
1 72 [0]
4 72 [0]
5 72 [0]
6 72 [0]
9 72 [0]
21 72 [0]
49 72 [0]
61 72 [0]
0 73 [0]
1 73 [0]
6 73 [0]
7 73 [0]
8 73 [0]
9 73 [0]
10 73 [0]
21 73 [0]
69 73 [0]
0 74 [0]
1 74 [0]
4 74 [0]
5 74 [0]
6 74 [0]
8 74 [0]
9 74 [0]
22 74 [0]
39 74 [0]
0 75 [0]
1 75 [0]
2 75 [0]
5 75 [0]
8 75 [0]
16 75 [0]
27 75 [0]
50 75 [0]
64 75 [0]
0 76 [0]
1 76 [0]
5 76 [0]
8 76 [0]
10 76 [0]
13 76 [0]
14 76 [0]
16 76 [0]
27 76 [0]
0 77 [0]
1 77 [0]
4 77 [0]
5 77 [0]
8 77 [0]
10 77 [0]
22 77 [0]
29 77 [0]
32 77 [0]
1 78 [0]
2 78 [0]
4 78 [0]
6 78 [0]
7 78 [0]
9 78 [0]
12 78 [0]
20 78 [0]
45 78 [0]
0 79 [0]
3 79 [0]
4 79 [0]
6 79 [0]
7 79 [0]
8 79 [0]
9 79 [0]
11 79 [0]
23 79 [0]
0 80 [0]
4 80 [0]
6 80 [0]
7 80 [0]
8 80 [0]
9 80 [0]
11 80 [0]
23 80 [0]
79 80 [0]
0 81 [0]
4 81 [0]
5 81 [0]
7 81 [0]
8 81 [0]
9 81 [0]
10 81 [0]
21 81 [0]
26 81 [0]
1 82 [0]
2 82 [0]
5 82 [0]
8 82 [0]
16 82 [0]
27 82 [0]
28 82 [0]
35 82 [0]
53 82 [0]
1 83 [0]
4 83 [0]
5 83 [0]
6 83 [0]
7 83 [0]
8 83 [0]
9 83 [0]
10 83 [0]
12 83 [0]
0 84 [0]
2 84 [0]
4 84 [0]
5 84 [0]
7 84 [0]
9 84 [0]
10 84 [0]
25 84 [0]
34 84 [0]
0 85 [0]
1 85 [0]
2 85 [0]
5 85 [0]
6 85 [0]
8 85 [0]
22 85 [0]
29 85 [0]
42 85 [0]
0 86 [0]
1 86 [0]
2 86 [0]
5 86 [0]
8 86 [0]
16 86 [0]
27 86 [0]
50 86 [0]
75 86 [0]
0 87 [0]
2 87 [0]
8 87 [0]
10 87 [0]
14 87 [0]
16 87 [0]
27 87 [0]
38 87 [0]
56 87 [0]
1 88 [0]
2 88 [0]
4 88 [0]
5 88 [0]
6 88 [0]
8 88 [0]
9 88 [0]
22 88 [0]
60 88 [0]
0 89 [0]
1 89 [0]
3 89 [0]
4 89 [0]
6 89 [0]
7 89 [0]
8 89 [0]
9 89 [0]
19 89 [0]
2 90 [0]
3 90 [0]
4 90 [0]
6 90 [0]
7 90 [0]
8 90 [0]
9 90 [0]
36 90 [0]
48 90 [0]
0 91 [0]
1 91 [0]
2 91 [0]
5 91 [0]
13 91 [0]
16 91 [0]
27 91 [0]
50 91 [0]
64 91 [0]
0 92 [0]
1 92 [0]
4 92 [0]
5 92 [0]
6 92 [0]
9 92 [0]
10 92 [0]
22 92 [0]
39 92 [0]
0 93 [0]
1 93 [0]
2 93 [0]
3 93 [0]
5 93 [0]
7 93 [0]
8 93 [0]
33 93 [0]
51 93 [0]
0 94 [0]
1 94 [0]
2 94 [0]
4 94 [0]
5 94 [0]
6 94 [0]
8 94 [0]
10 94 [0]
44 94 [0]
1 95 [0]
3 95 [0]
4 95 [0]
6 95 [0]
7 95 [0]
8 95 [0]
9 95 [0]
19 95 [0]
89 95 [0]
0 96 [0]
1 96 [0]
2 96 [0]
5 96 [0]
8 96 [0]
9 96 [0]
10 96 [0]
16 96 [0]
17 96 [0]
1 97 [0]
4 97 [0]
5 97 [0]
6 97 [0]
8 97 [0]
9 97 [0]
10 97 [0]
22 97 [0]
39 97 [0]
0 98 [0]
2 98 [0]
5 98 [0]
8 98 [0]
16 98 [0]
27 98 [0]
50 98 [0]
75 98 [0]
86 98 [0]
0 99 [0]
1 99 [0]
2 99 [0]
4 99 [0]
5 99 [0]
6 99 [0]
8 99 [0]
9 99 [0]
22 99 [0]
4 100 [0]
6 100 [0]
7 100 [0]
8 100 [0]
9 100 [0]
11 100 [0]
23 100 [0]
79 100 [0]
80 100 [0]
1 101 [0]
4 101 [0]
5 101 [0]
7 101 [0]
8 101 [0]
9 101 [0]
10 101 [0]
12 101 [0]
83 101 [0]
0 102 [0]
2 102 [0]
5 102 [0]
8 102 [0]
16 102 [0]
27 102 [0]
50 102 [0]
75 102 [0]
98 102 [0]
0 103 [0]
5 103 [0]
8 103 [0]
10 103 [0]
13 103 [0]
14 103 [0]
16 103 [0]
27 103 [0]
76 103 [0]
1 104 [0]
2 104 [0]
5 104 [0]
8 104 [0]
16 104 [0]
27 104 [0]
50 104 [0]
64 104 [0]
75 104 [0]
0 105 [0]
2 105 [0]
4 105 [0]
5 105 [0]
7 105 [0]
8 105 [0]
10 105 [0]
25 105 [0]
34 105 [0]
1 106 [0]
2 106 [0]
4 106 [0]
6 106 [0]
7 106 [0]
10 106 [0]
12 106 [0]
20 106 [0]
45 106 [0]
0 107 [0]
1 107 [0]
2 107 [0]
3 107 [0]
5 107 [0]
7 107 [0]
8 107 [0]
9 107 [0]
51 107 [0]
0 108 [0]
2 108 [0]
8 108 [0]
10 108 [0]
14 108 [0]
16 108 [0]
27 108 [0]
38 108 [0]
87 108 [0]
2 109 [0]
4 109 [0]
6 109 [0]
7 109 [0]
9 109 [0]
10 109 [0]
12 109 [0]
20 109 [0]
45 109 [0]
0 110 [0]
2 110 [0]
8 110 [0]
10 110 [0]
16 110 [0]
27 110 [0]
28 110 [0]
38 110 [0]
56 110 [0]
1 111 [0]
4 111 [0]
5 111 [0]
6 111 [0]
8 111 [0]
9 111 [0]
10 111 [0]
39 111 [0]
97 111 [0]
0 112 [0]
4 112 [0]
5 112 [0]
6 112 [0]
9 112 [0]
10 112 [0]
22 112 [0]
39 112 [0]
92 112 [0]
4 113 [0]
7 113 [0]
8 113 [0]
9 113 [0]
11 113 [0]
23 113 [0]
79 113 [0]
80 113 [0]
100 113 [0]
6 114 [0]
7 114 [0]
8 114 [0]
9 114 [0]
11 114 [0]
23 114 [0]
79 114 [0]
80 114 [0]
100 114 [0]
0 115 [0]
1 115 [0]
4 115 [0]
5 115 [0]
8 115 [0]
9 115 [0]
21 115 [0]
49 115 [0]
68 115 [0]
2 116 [0]
5 116 [0]
8 116 [0]
16 116 [0]
27 116 [0]
50 116 [0]
75 116 [0]
98 116 [0]
102 116 [0]
0 117 [0]
2 117 [0]
3 117 [0]
5 117 [0]
7 117 [0]
8 117 [0]
9 117 [0]
33 117 [0]
51 117 [0]
1 118 [0]
2 118 [0]
5 118 [0]
6 118 [0]
7 118 [0]
8 118 [0]
9 118 [0]
12 118 [0]
31 118 [0]
1 119 [0]
2 119 [0]
4 119 [0]
6 119 [0]
7 119 [0]
10 119 [0]
12 119 [0]
20 119 [0]
106 119 [0]
0 120 [0]
1 120 [0]
2 120 [0]
4 120 [0]
5 120 [0]
6 120 [0]
7 120 [0]
8 120 [0]
10 120 [0]
1 121 [0]
4 121 [0]
6 121 [0]
7 121 [0]
8 121 [0]
9 121 [0]
10 121 [0]
12 121 [0]
83 121 [0]
1 122 [0]
2 122 [0]
4 122 [0]
5 122 [0]
6 122 [0]
8 122 [0]
9 122 [0]
22 122 [0]
88 122 [0]
0 123 [0]
2 123 [0]
5 123 [0]
8 123 [0]
16 123 [0]
27 123 [0]
50 123 [0]
75 123 [0]
102 123 [0]
1 124 [0]
2 124 [0]
5 124 [0]
6 124 [0]
7 124 [0]
8 124 [0]
9 124 [0]
15 124 [0]
30 124 [0]
1 125 [0]
2 125 [0]
4 125 [0]
6 125 [0]
7 125 [0]
8 125 [0]
9 125 [0]
12 125 [0]
47 125 [0]
0 126 [0]
2 126 [0]
3 126 [0]
4 126 [0]
5 126 [0]
6 126 [0]
7 126 [0]
8 126 [0]
11 126 [0]
0 127 [0]
1 127 [0]
2 127 [0]
5 127 [0]
6 127 [0]
8 127 [0]
29 127 [0]
42 127 [0]
85 127 [0]
0 128 [0]
8 128 [0]
10 128 [0]
14 128 [0]
16 128 [0]
27 128 [0]
28 128 [0]
38 128 [0]
56 128 [0]
0 129 [0]
2 129 [0]
8 129 [0]
10 129 [0]
14 129 [0]
16 129 [0]
38 129 [0]
56 129 [0]
87 129 [0]
1 130 [0]
4 130 [0]
6 130 [0]
7 130 [0]
8 130 [0]
9 130 [0]
10 130 [0]
83 130 [0]
121 130 [0]
2 131 [0]
8 131 [0]
10 131 [0]
14 131 [0]
16 131 [0]
38 131 [0]
56 131 [0]
87 131 [0]
129 131 [0]
0 132 [0]
6 132 [0]
7 132 [0]
8 132 [0]
9 132 [0]
10 132 [0]
21 132 [0]
69 132 [0]
73 132 [0]
0 133 [0]
2 133 [0]
5 133 [0]
8 133 [0]
14 133 [0]
16 133 [0]
27 133 [0]
28 133 [0]
38 133 [0]
0 134 [0]
1 134 [0]
5 134 [0]
7 134 [0]
8 134 [0]
9 134 [0]
21 134 [0]
49 134 [0]
68 134 [0]
0 135 [0]
8 135 [0]
10 135 [0]
14 135 [0]
27 135 [0]
28 135 [0]
38 135 [0]
56 135 [0]
128 135 [0]
0 136 [0]
2 136 [0]
8 136 [0]
10 136 [0]
16 136 [0]
27 136 [0]
28 136 [0]
38 136 [0]
56 136 [0]
1 137 [0]
4 137 [0]
6 137 [0]
7 137 [0]
8 137 [0]
9 137 [0]
10 137 [0]
15 137 [0]
18 137 [0]
0 138 [0]
1 138 [0]
5 138 [0]
6 138 [0]
7 138 [0]
8 138 [0]
10 138 [0]
69 138 [0]
70 138 [0]
0 139 [0]
2 139 [0]
5 139 [0]
8 139 [0]
16 139 [0]
27 139 [0]
50 139 [0]
75 139 [0]
98 139 [0]
1 140 [0]
5 140 [0]
6 140 [0]
8 140 [0]
9 140 [0]
10 140 [0]
39 140 [0]
97 140 [0]
111 140 [0]
2 141 [0]
6 141 [0]
7 141 [0]
9 141 [0]
10 141 [0]
12 141 [0]
20 141 [0]
45 141 [0]
109 141 [0]
0 142 [0]
2 142 [0]
8 142 [0]
9 142 [0]
10 142 [0]
13 142 [0]
14 142 [0]
16 142 [0]
40 142 [0]
1 143 [0]
2 143 [0]
5 143 [0]
8 143 [0]
9 143 [0]
10 143 [0]
13 143 [0]
14 143 [0]
24 143 [0]
0 144 [0]
4 144 [0]
6 144 [0]
7 144 [0]
8 144 [0]
9 144 [0]
11 144 [0]
79 144 [0]
80 144 [0]
1 145 [0]
4 145 [0]
5 145 [0]
8 145 [0]
9 145 [0]
10 145 [0]
22 145 [0]
39 145 [0]
97 145 [0]
1 146 [0]
2 146 [0]
8 146 [0]
10 146 [0]
16 146 [0]
27 146 [0]
28 146 [0]
35 146 [0]
53 146 [0]
2 147 [0]
3 147 [0]
4 147 [0]
6 147 [0]
7 147 [0]
8 147 [0]
36 147 [0]
48 147 [0]
90 147 [0]
0 148 [0]
1 148 [0]
2 148 [0]
4 148 [0]
6 148 [0]
8 148 [0]
9 148 [0]
10 148 [0]
22 148 [0]
2 149 [0]
4 149 [0]
5 149 [0]
7 149 [0]
8 149 [0]
10 149 [0]
25 149 [0]
34 149 [0]
105 149 [0]
0 150 [0]
1 150 [0]
5 150 [0]
6 150 [0]
7 150 [0]
8 150 [0]
9 150 [0]
10 150 [0]
69 150 [0]
1 151 [0]
2 151 [0]
4 151 [0]
6 151 [0]
7 151 [0]
8 151 [0]
9 151 [0]
12 151 [0]
47 151 [0]
1 152 [0]
2 152 [0]
4 152 [0]
6 152 [0]
8 152 [0]
9 152 [0]
10 152 [0]
22 152 [0]
148 152 [0]
4 153 [0]
6 153 [0]
7 153 [0]
8 153 [0]
9 153 [0]
11 153 [0]
79 153 [0]
80 153 [0]
144 153 [0]
0 154 [0]
1 154 [0]
2 154 [0]
5 154 [0]
6 154 [0]
29 154 [0]
42 154 [0]
85 154 [0]
127 154 [0]
0 155 [0]
1 155 [0]
5 155 [0]
8 155 [0]
13 155 [0]
16 155 [0]
27 155 [0]
50 155 [0]
64 155 [0]
0 156 [0]
1 156 [0]
4 156 [0]
5 156 [0]
9 156 [0]
21 156 [0]
49 156 [0]
68 156 [0]
115 156 [0]
0 157 [0]
1 157 [0]
2 157 [0]
5 157 [0]
7 157 [0]
8 157 [0]
10 157 [0]
13 157 [0]
14 157 [0]
0 158 [0]
2 158 [0]
5 158 [0]
8 158 [0]
27 158 [0]
50 158 [0]
75 158 [0]
98 158 [0]
139 158 [0]
3 159 [0]
4 159 [0]
6 159 [0]
7 159 [0]
8 159 [0]
36 159 [0]
48 159 [0]
90 159 [0]
147 159 [0]
0 160 [0]
5 160 [0]
7 160 [0]
8 160 [0]
9 160 [0]
21 160 [0]
49 160 [0]
68 160 [0]
134 160 [0]
0 161 [0]
5 161 [0]
8 161 [0]
16 161 [0]
27 161 [0]
50 161 [0]
75 161 [0]
98 161 [0]
102 161 [0]
0 162 [0]
8 162 [0]
10 162 [0]
14 162 [0]
16 162 [0]
27 162 [0]
38 162 [0]
56 162 [0]
87 162 [0]
0 163 [0]
1 163 [0]
2 163 [0]
4 163 [0]
5 163 [0]
7 163 [0]
9 163 [0]
10 163 [0]
25 163 [0]
1 164 [0]
2 164 [0]
4 164 [0]
7 164 [0]
8 164 [0]
9 164 [0]
12 164 [0]
47 164 [0]
151 164 [0]
1 165 [0]
2 165 [0]
4 165 [0]
6 165 [0]
7 165 [0]
12 165 [0]
20 165 [0]
106 165 [0]
119 165 [0]
1 166 [0]
4 166 [0]
6 166 [0]
7 166 [0]
8 166 [0]
9 166 [0]
10 166 [0]
121 166 [0]
130 166 [0]
0 167 [0]
2 167 [0]
5 167 [0]
8 167 [0]
13 167 [0]
16 167 [0]
27 167 [0]
50 167 [0]
64 167 [0]
1 168 [0]
2 168 [0]
4 168 [0]
5 168 [0]
6 168 [0]
7 168 [0]
8 168 [0]
10 168 [0]
120 168 [0]
0 169 [0]
2 169 [0]
8 169 [0]
10 169 [0]
14 169 [0]
16 169 [0]
28 169 [0]
38 169 [0]
56 169 [0]
0 170 [0]
1 170 [0]
2 170 [0]
5 170 [0]
10 170 [0]
13 170 [0]
14 170 [0]
16 170 [0]
27 170 [0]
0 171 [0]
1 171 [0]
4 171 [0]
5 171 [0]
8 171 [0]
10 171 [0]
22 171 [0]
32 171 [0]
41 171 [0]
6 172 [0]
7 172 [0]
8 172 [0]
11 172 [0]
23 172 [0]
79 172 [0]
80 172 [0]
100 172 [0]
114 172 [0]
0 173 [0]
1 173 [0]
2 173 [0]
3 173 [0]
5 173 [0]
7 173 [0]
9 173 [0]
33 173 [0]
51 173 [0]
0 174 [0]
2 174 [0]
3 174 [0]
6 174 [0]
7 174 [0]
8 174 [0]
9 174 [0]
23 174 [0]
57 174 [0]
0 175 [0]
2 175 [0]
5 175 [0]
13 175 [0]
16 175 [0]
27 175 [0]
50 175 [0]
64 175 [0]
91 175 [0]
0 176 [0]
1 176 [0]
2 176 [0]
5 176 [0]
8 176 [0]
13 176 [0]
16 176 [0]
27 176 [0]
64 176 [0]
0 177 [0]
1 177 [0]
2 177 [0]
4 177 [0]
5 177 [0]
6 177 [0]
8 177 [0]
9 177 [0]
99 177 [0]
2 178 [0]
4 178 [0]
6 178 [0]
7 178 [0]
10 178 [0]
12 178 [0]
20 178 [0]
106 178 [0]
119 178 [0]
0 179 [0]
1 179 [0]
2 179 [0]
4 179 [0]
6 179 [0]
8 179 [0]
9 179 [0]
22 179 [0]
99 179 [0]
3 180 [0]
4 180 [0]
5 180 [0]
7 180 [0]
8 180 [0]
9 180 [0]
36 180 [0]
48 180 [0]
55 180 [0]
0 181 [0]
4 181 [0]
5 181 [0]
6 181 [0]
9 181 [0]
10 181 [0]
22 181 [0]
39 181 [0]
112 181 [0]
1 182 [0]
4 182 [0]
5 182 [0]
6 182 [0]
8 182 [0]
9 182 [0]
10 182 [0]
39 182 [0]
111 182 [0]
1 183 [0]
2 183 [0]
4 183 [0]
5 183 [0]
7 183 [0]
8 183 [0]
9 183 [0]
10 183 [0]
15 183 [0]
0 184 [0]
2 184 [0]
4 184 [0]
5 184 [0]
7 184 [0]
9 184 [0]
25 184 [0]
34 184 [0]
84 184 [0]
0 185 [0]
6 185 [0]
7 185 [0]
9 185 [0]
10 185 [0]
21 185 [0]
69 185 [0]
73 185 [0]
132 185 [0]
0 186 [0]
2 186 [0]
8 186 [0]
14 186 [0]
16 186 [0]
27 186 [0]
28 186 [0]
38 186 [0]
56 186 [0]
0 187 [0]
1 187 [0]
2 187 [0]
5 187 [0]
8 187 [0]
13 187 [0]
16 187 [0]
64 187 [0]
176 187 [0]
4 188 [0]
7 188 [0]
8 188 [0]
9 188 [0]
11 188 [0]
23 188 [0]
79 188 [0]
100 188 [0]
113 188 [0]
1 189 [0]
2 189 [0]
5 189 [0]
8 189 [0]
16 189 [0]
27 189 [0]
28 189 [0]
53 189 [0]
82 189 [0]
4 190 [0]
6 190 [0]
7 190 [0]
8 190 [0]
9 190 [0]
11 190 [0]
79 190 [0]
80 190 [0]
100 190 [0]
0 191 [0]
1 191 [0]
2 191 [0]
4 191 [0]
6 191 [0]
8 191 [0]
9 191 [0]
99 191 [0]
177 191 [0]
0 192 [0]
1 192 [0]
2 192 [0]
5 192 [0]
7 192 [0]
8 192 [0]
10 192 [0]
25 192 [0]
54 192 [0]
0 193 [0]
2 193 [0]
4 193 [0]
7 193 [0]
9 193 [0]
10 193 [0]
25 193 [0]
34 193 [0]
84 193 [0]
0 194 [0]
1 194 [0]
2 194 [0]
3 194 [0]
5 194 [0]
7 194 [0]
8 194 [0]
9 194 [0]
107 194 [0]
1 195 [0]
4 195 [0]
5 195 [0]
6 195 [0]
7 195 [0]
8 195 [0]
9 195 [0]
10 195 [0]
21 195 [0]
1 196 [0]
2 196 [0]
4 196 [0]
6 196 [0]
8 196 [0]
9 196 [0]
10 196 [0]
22 196 [0]
148 196 [0]
0 197 [0]
1 197 [0]
5 197 [0]
6 197 [0]
8 197 [0]
10 197 [0]
22 197 [0]
29 197 [0]
66 197 [0]
0 198 [0]
1 198 [0]
2 198 [0]
5 198 [0]
8 198 [0]
10 198 [0]
14 198 [0]
16 198 [0]
17 198 [0]
0 199 [0]
1 199 [0]
4 199 [0]
6 199 [0]
7 199 [0]
9 199 [0]
21 199 [0]
49 199 [0]
61 199 [0]
2 200 [0]
3 200 [0]
4 200 [0]
5 200 [0]
6 200 [0]
7 200 [0]
8 200 [0]
9 200 [0]
36 200 [0]
0 201 [0]
1 201 [0]
5 201 [0]
6 201 [0]
8 201 [0]
10 201 [0]
22 201 [0]
66 201 [0]
197 201 [0]
0 202 [0]
8 202 [0]
14 202 [0]
16 202 [0]
27 202 [0]
28 202 [0]
38 202 [0]
56 202 [0]
186 202 [0]
0 203 [0]
1 203 [0]
4 203 [0]
5 203 [0]
7 203 [0]
8 203 [0]
10 203 [0]
21 203 [0]
43 203 [0]
0 204 [0]
5 204 [0]
13 204 [0]
16 204 [0]
27 204 [0]
50 204 [0]
64 204 [0]
91 204 [0]
175 204 [0]
0 205 [0]
2 205 [0]
5 205 [0]
8 205 [0]
10 205 [0]
14 205 [0]
16 205 [0]
28 205 [0]
38 205 [0]
1 206 [0]
2 206 [0]
4 206 [0]
5 206 [0]
6 206 [0]
8 206 [0]
9 206 [0]
88 206 [0]
122 206 [0]
1 207 [0]
2 207 [0]
8 207 [0]
16 207 [0]
27 207 [0]
28 207 [0]
35 207 [0]
53 207 [0]
82 207 [0]
2 208 [0]
4 208 [0]
5 208 [0]
7 208 [0]
9 208 [0]
10 208 [0]
25 208 [0]
34 208 [0]
84 208 [0]
0 209 [0]
1 209 [0]
2 209 [0]
5 209 [0]
6 209 [0]
22 209 [0]
29 209 [0]
42 209 [0]
85 209 [0]
0 210 [0]
2 210 [0]
5 210 [0]
8 210 [0]
13 210 [0]
16 210 [0]
64 210 [0]
176 210 [0]
187 210 [0]
0 211 [0]
2 211 [0]
5 211 [0]
6 211 [0]
8 211 [0]
22 211 [0]
29 211 [0]
42 211 [0]
85 211 [0]
1 212 [0]
2 212 [0]
6 212 [0]
7 212 [0]
8 212 [0]
9 212 [0]
15 212 [0]
30 212 [0]
124 212 [0]
1 213 [0]
5 213 [0]
6 213 [0]
7 213 [0]
8 213 [0]
9 213 [0]
10 213 [0]
15 213 [0]
30 213 [0]
2 214 [0]
6 214 [0]
7 214 [0]
9 214 [0]
10 214 [0]
20 214 [0]
45 214 [0]
109 214 [0]
141 214 [0]
1 215 [0]
4 215 [0]
5 215 [0]
7 215 [0]
8 215 [0]
10 215 [0]
12 215 [0]
83 215 [0]
101 215 [0]
2 216 [0]
4 216 [0]
5 216 [0]
6 216 [0]
7 216 [0]
8 216 [0]
9 216 [0]
11 216 [0]
36 216 [0]
0 217 [0]
1 217 [0]
2 217 [0]
5 217 [0]
8 217 [0]
13 217 [0]
16 217 [0]
64 217 [0]
176 217 [0]
0 218 [0]
4 218 [0]
5 218 [0]
7 218 [0]
8 218 [0]
9 218 [0]
21 218 [0]
49 218 [0]
68 218 [0]
2 219 [0]
3 219 [0]
4 219 [0]
6 219 [0]
7 219 [0]
8 219 [0]
36 219 [0]
48 219 [0]
147 219 [0]
0 220 [0]
2 220 [0]
5 220 [0]
6 220 [0]
8 220 [0]
22 220 [0]
42 220 [0]
85 220 [0]
211 220 [0]
0 221 [0]
2 221 [0]
3 221 [0]
6 221 [0]
7 221 [0]
9 221 [0]
23 221 [0]
57 221 [0]
174 221 [0]
4 222 [0]
5 222 [0]
6 222 [0]
9 222 [0]
10 222 [0]
22 222 [0]
39 222 [0]
112 222 [0]
181 222 [0]
0 223 [0]
4 223 [0]
5 223 [0]
9 223 [0]
10 223 [0]
22 223 [0]
39 223 [0]
92 223 [0]
112 223 [0]
0 224 [0]
1 224 [0]
4 224 [0]
5 224 [0]
6 224 [0]
7 224 [0]
8 224 [0]
10 224 [0]
21 224 [0]
2 225 [0]
8 225 [0]
10 225 [0]
14 225 [0]
16 225 [0]
38 225 [0]
56 225 [0]
129 225 [0]
131 225 [0]
0 226 [0]
6 226 [0]
7 226 [0]
9 226 [0]
10 226 [0]
69 226 [0]
73 226 [0]
132 226 [0]
185 226 [0]
0 227 [0]
5 227 [0]
8 227 [0]
16 227 [0]
27 227 [0]
50 227 [0]
75 227 [0]
98 227 [0]
102 227 [0]
1 228 [0]
2 228 [0]
4 228 [0]
5 228 [0]
6 228 [0]
10 228 [0]
12 228 [0]
20 228 [0]
58 228 [0]
0 229 [0]
2 229 [0]
5 229 [0]
8 229 [0]
27 229 [0]
75 229 [0]
98 229 [0]
139 229 [0]
158 229 [0]
0 230 [0]
1 230 [0]
4 230 [0]
5 230 [0]
7 230 [0]
10 230 [0]
21 230 [0]
43 230 [0]
203 230 [0]
0 231 [0]
2 231 [0]
5 231 [0]
8 231 [0]
22 231 [0]
29 231 [0]
42 231 [0]
85 231 [0]
211 231 [0]
1 232 [0]
4 232 [0]
6 232 [0]
7 232 [0]
8 232 [0]
9 232 [0]
15 232 [0]
18 232 [0]
137 232 [0]
2 233 [0]
6 233 [0]
7 233 [0]
9 233 [0]
10 233 [0]
20 233 [0]
45 233 [0]
109 233 [0]
141 233 [0]
0 234 [0]
1 234 [0]
4 234 [0]
5 234 [0]
7 234 [0]
8 234 [0]
9 234 [0]
10 234 [0]
25 234 [0]
2 235 [0]
4 235 [0]
5 235 [0]
9 235 [0]
10 235 [0]
25 235 [0]
34 235 [0]
84 235 [0]
208 235 [0]
0 236 [0]
2 236 [0]
8 236 [0]
10 236 [0]
14 236 [0]
16 236 [0]
27 236 [0]
38 236 [0]
87 236 [0]
1 237 [0]
4 237 [0]
5 237 [0]
6 237 [0]
8 237 [0]
10 237 [0]
39 237 [0]
97 237 [0]
111 237 [0]
0 238 [0]
2 238 [0]
4 238 [0]
5 238 [0]
8 238 [0]
9 238 [0]
10 238 [0]
25 238 [0]
34 238 [0]
0 239 [0]
1 239 [0]
2 239 [0]
7 239 [0]
8 239 [0]
9 239 [0]
10 239 [0]
13 239 [0]
14 239 [0]
2 240 [0]
4 240 [0]
6 240 [0]
7 240 [0]
10 240 [0]
12 240 [0]
20 240 [0]
119 240 [0]
178 240 [0]
2 241 [0]
3 241 [0]
4 241 [0]
6 241 [0]
7 241 [0]
8 241 [0]
48 241 [0]
147 241 [0]
219 241 [0]
0 242 [0]
1 242 [0]
4 242 [0]
5 242 [0]
7 242 [0]
10 242 [0]
21 242 [0]
43 242 [0]
230 242 [0]
0 243 [0]
8 243 [0]
10 243 [0]
14 243 [0]
16 243 [0]
27 243 [0]
38 243 [0]
56 243 [0]
128 243 [0]
0 244 [0]
1 244 [0]
2 244 [0]
5 244 [0]
6 244 [0]
29 244 [0]
42 244 [0]
85 244 [0]
209 244 [0]
3 245 [0]
4 245 [0]
7 245 [0]
8 245 [0]
9 245 [0]
36 245 [0]
48 245 [0]
55 245 [0]
180 245 [0]
1 246 [0]
2 246 [0]
4 246 [0]
5 246 [0]
6 246 [0]
7 246 [0]
12 246 [0]
20 246 [0]
58 246 [0]
5 247 [0]
6 247 [0]
9 247 [0]
10 247 [0]
22 247 [0]
39 247 [0]
112 247 [0]
181 247 [0]
222 247 [0]
0 248 [0]
1 248 [0]
4 248 [0]
7 248 [0]
8 248 [0]
10 248 [0]
21 248 [0]
43 248 [0]
203 248 [0]
0 249 [0]
1 249 [0]
2 249 [0]
4 249 [0]
5 249 [0]
6 249 [0]
10 249 [0]
44 249 [0]
94 249 [0]
0 250 [0]
1 250 [0]
5 250 [0]
7 250 [0]
8 250 [0]
10 250 [0]
21 250 [0]
43 250 [0]
203 250 [0]
0 251 [0]
1 251 [0]
4 251 [0]
5 251 [0]
8 251 [0]
10 251 [0]
21 251 [0]
43 251 [0]
203 251 [0]
1 252 [0]
2 252 [0]
4 252 [0]
6 252 [0]
8 252 [0]
9 252 [0]
10 252 [0]
22 252 [0]
152 252 [0]
2 253 [0]
4 253 [0]
6 253 [0]
7 253 [0]
8 253 [0]
9 253 [0]
36 253 [0]
48 253 [0]
90 253 [0]
0 254 [0]
2 254 [0]
4 254 [0]
5 254 [0]
7 254 [0]
8 254 [0]
10 254 [0]
34 254 [0]
105 254 [0]
2 255 [0]
4 255 [0]
5 255 [0]
6 255 [0]
7 255 [0]
8 255 [0]
11 255 [0]
36 255 [0]
216 255 [0]
0 256 [0]
8 256 [0]
10 256 [0]
14 256 [0]
28 256 [0]
38 256 [0]
56 256 [0]
128 256 [0]
135 256 [0]
0 257 [0]
1 257 [0]
2 257 [0]
5 257 [0]
10 257 [0]
14 257 [0]
16 257 [0]
17 257 [0]
198 257 [0]
0 258 [0]
8 258 [0]
14 258 [0]
27 258 [0]
28 258 [0]
38 258 [0]
56 258 [0]
186 258 [0]
202 258 [0]
0 259 [0]
2 259 [0]
3 259 [0]
6 259 [0]
7 259 [0]
9 259 [0]
23 259 [0]
174 259 [0]
221 259 [0]
0 260 [0]
1 260 [0]
2 260 [0]
5 260 [0]
13 260 [0]
16 260 [0]
27 260 [0]
64 260 [0]
91 260 [0]
0 261 [0]
1 261 [0]
2 261 [0]
5 261 [0]
8 261 [0]
13 261 [0]
16 261 [0]
27 261 [0]
176 261 [0]
0 262 [0]
5 262 [0]
13 262 [0]
16 262 [0]
50 262 [0]
64 262 [0]
91 262 [0]
175 262 [0]
204 262 [0]
1 263 [0]
4 263 [0]
6 263 [0]
7 263 [0]
9 263 [0]
21 263 [0]
49 263 [0]
61 263 [0]
199 263 [0]
1 264 [0]
2 264 [0]
5 264 [0]
8 264 [0]
16 264 [0]
27 264 [0]
64 264 [0]
75 264 [0]
104 264 [0]
0 265 [0]
2 265 [0]
8 265 [0]
14 265 [0]
16 265 [0]
27 265 [0]
28 265 [0]
38 265 [0]
56 265 [0]
7 266 [0]
8 266 [0]
9 266 [0]
11 266 [0]
23 266 [0]
79 266 [0]
80 266 [0]
100 266 [0]
114 266 [0]
4 267 [0]
7 267 [0]
8 267 [0]
9 267 [0]
23 267 [0]
79 267 [0]
100 267 [0]
113 267 [0]
188 267 [0]
1 268 [0]
4 268 [0]
6 268 [0]
7 268 [0]
8 268 [0]
9 268 [0]
18 268 [0]
137 268 [0]
232 268 [0]
0 269 [0]
1 269 [0]
4 269 [0]
5 269 [0]
7 269 [0]
8 269 [0]
21 269 [0]
43 269 [0]
203 269 [0]
0 270 [0]
1 270 [0]
2 270 [0]
13 270 [0]
16 270 [0]
27 270 [0]
50 270 [0]
64 270 [0]
91 270 [0]
0 271 [0]
1 271 [0]
2 271 [0]
5 271 [0]
6 271 [0]
7 271 [0]
8 271 [0]
9 271 [0]
13 271 [0]
0 272 [0]
2 272 [0]
8 272 [0]
10 272 [0]
14 272 [0]
16 272 [0]
38 272 [0]
56 272 [0]
129 272 [0]
0 273 [0]
1 273 [0]
2 273 [0]
5 273 [0]
8 273 [0]
27 273 [0]
50 273 [0]
75 273 [0]
86 273 [0]
1 274 [0]
5 274 [0]
6 274 [0]
7 274 [0]
8 274 [0]
9 274 [0]
15 274 [0]
30 274 [0]
124 274 [0]
0 275 [0]
1 275 [0]
6 275 [0]
7 275 [0]
8 275 [0]
9 275 [0]
10 275 [0]
69 275 [0]
73 275 [0]
0 276 [0]
1 276 [0]
5 276 [0]
6 276 [0]
7 276 [0]
9 276 [0]
10 276 [0]
69 276 [0]
70 276 [0]
2 277 [0]
4 277 [0]
6 277 [0]
7 277 [0]
9 277 [0]
12 277 [0]
20 277 [0]
45 277 [0]
78 277 [0]
2 278 [0]
3 278 [0]
4 278 [0]
6 278 [0]
7 278 [0]
48 278 [0]
147 278 [0]
219 278 [0]
241 278 [0]
0 279 [0]
5 279 [0]
8 279 [0]
27 279 [0]
50 279 [0]
75 279 [0]
98 279 [0]
102 279 [0]
227 279 [0]
0 280 [0]
1 280 [0]
4 280 [0]
6 280 [0]
8 280 [0]
10 280 [0]
22 280 [0]
29 280 [0]
32 280 [0]
1 281 [0]
2 281 [0]
4 281 [0]
6 281 [0]
8 281 [0]
9 281 [0]
22 281 [0]
88 281 [0]
122 281 [0]
4 282 [0]
6 282 [0]
7 282 [0]
8 282 [0]
9 282 [0]
11 282 [0]
80 282 [0]
100 282 [0]
190 282 [0]
1 283 [0]
2 283 [0]
6 283 [0]
8 283 [0]
9 283 [0]
10 283 [0]
22 283 [0]
148 283 [0]
152 283 [0]
1 284 [0]
2 284 [0]
5 284 [0]
6 284 [0]
7 284 [0]
9 284 [0]
10 284 [0]
12 284 [0]
20 284 [0]
0 285 [0]
1 285 [0]
5 285 [0]
8 285 [0]
10 285 [0]
21 285 [0]
43 285 [0]
203 285 [0]
250 285 [0]
0 286 [0]
1 286 [0]
5 286 [0]
6 286 [0]
7 286 [0]
8 286 [0]
10 286 [0]
69 286 [0]
70 286 [0]
0 287 [0]
2 287 [0]
5 287 [0]
7 287 [0]
8 287 [0]
10 287 [0]
25 287 [0]
34 287 [0]
105 287 [0]
1 288 [0]
2 288 [0]
3 288 [0]
5 288 [0]
7 288 [0]
8 288 [0]
33 288 [0]
51 288 [0]
93 288 [0]
0 289 [0]
1 289 [0]
2 289 [0]
5 289 [0]
6 289 [0]
8 289 [0]
10 289 [0]
22 289 [0]
42 289 [0]
0 290 [0]
1 290 [0]
2 290 [0]
5 290 [0]
8 290 [0]
10 290 [0]
13 290 [0]
14 290 [0]
27 290 [0]
4 291 [0]
6 291 [0]
7 291 [0]
8 291 [0]
9 291 [0]
23 291 [0]
79 291 [0]
80 291 [0]
100 291 [0]
1 292 [0]
2 292 [0]
5 292 [0]
7 292 [0]
8 292 [0]
9 292 [0]
10 292 [0]
15 292 [0]
183 292 [0]
0 293 [0]
2 293 [0]
5 293 [0]
8 293 [0]
27 293 [0]
50 293 [0]
75 293 [0]
86 293 [0]
98 293 [0]
0 294 [0]
1 294 [0]
4 294 [0]
5 294 [0]
6 294 [0]
8 294 [0]
9 294 [0]
10 294 [0]
21 294 [0]
0 295 [0]
1 295 [0]
2 295 [0]
6 295 [0]
29 295 [0]
42 295 [0]
85 295 [0]
127 295 [0]
154 295 [0]
1 296 [0]
4 296 [0]
7 296 [0]
8 296 [0]
9 296 [0]
18 296 [0]
137 296 [0]
232 296 [0]
268 296 [0]
0 297 [0]
2 297 [0]
3 297 [0]
5 297 [0]
7 297 [0]
9 297 [0]
33 297 [0]
51 297 [0]
117 297 [0]
0 298 [0]
1 298 [0]
2 298 [0]
5 298 [0]
8 298 [0]
13 298 [0]
16 298 [0]
64 298 [0]
176 298 [0]
0 299 [0]
1 299 [0]
2 299 [0]
5 299 [0]
8 299 [0]
13 299 [0]
16 299 [0]
27 299 [0]
176 299 [0]
1 300 [0]
4 300 [0]
8 300 [0]
9 300 [0]
18 300 [0]
137 300 [0]
232 300 [0]
268 300 [0]
296 300 [0]
0 301 [0]
2 301 [0]
5 301 [0]
7 301 [0]
8 301 [0]
10 301 [0]
25 301 [0]
105 301 [0]
287 301 [0]
1 302 [0]
4 302 [0]
5 302 [0]
6 302 [0]
7 302 [0]
9 302 [0]
21 302 [0]
49 302 [0]
61 302 [0]
3 303 [0]
4 303 [0]
7 303 [0]
9 303 [0]
36 303 [0]
48 303 [0]
55 303 [0]
180 303 [0]
245 303 [0]
0 304 [0]
4 304 [0]
5 304 [0]
8 304 [0]
9 304 [0]
10 304 [0]
25 304 [0]
34 304 [0]
238 304 [0]
0 305 [0]
8 305 [0]
10 305 [0]
14 305 [0]
38 305 [0]
56 305 [0]
128 305 [0]
135 305 [0]
256 305 [0]
1 306 [0]
5 306 [0]
8 306 [0]
9 306 [0]
10 306 [0]
13 306 [0]
14 306 [0]
24 306 [0]
143 306 [0]
1 307 [0]
2 307 [0]
5 307 [0]
7 307 [0]
8 307 [0]
9 307 [0]
10 307 [0]
183 307 [0]
292 307 [0]
0 308 [0]
2 308 [0]
4 308 [0]
6 308 [0]
8 308 [0]
9 308 [0]
10 308 [0]
22 308 [0]
148 308 [0]
0 309 [0]
1 309 [0]
2 309 [0]
3 309 [0]
7 309 [0]
9 309 [0]
33 309 [0]
51 309 [0]
173 309 [0]
1 310 [0]
4 310 [0]
5 310 [0]
8 310 [0]
9 310 [0]
21 310 [0]
49 310 [0]
68 310 [0]
115 310 [0]
0 311 [0]
5 311 [0]
8 311 [0]
16 311 [0]
27 311 [0]
50 311 [0]
75 311 [0]
102 311 [0]
227 311 [0]
1 312 [0]
4 312 [0]
6 312 [0]
7 312 [0]
8 312 [0]
9 312 [0]
10 312 [0]
21 312 [0]
195 312 [0]
0 313 [0]
2 313 [0]
5 313 [0]
13 313 [0]
16 313 [0]
27 313 [0]
50 313 [0]
64 313 [0]
167 313 [0]
0 314 [0]
1 314 [0]
8 314 [0]
13 314 [0]
16 314 [0]
27 314 [0]
50 314 [0]
64 314 [0]
155 314 [0]
0 315 [0]
2 315 [0]
3 315 [0]
4 315 [0]
6 315 [0]
7 315 [0]
8 315 [0]
11 315 [0]
37 315 [0]
1 316 [0]
5 316 [0]
6 316 [0]
7 316 [0]
8 316 [0]
10 316 [0]
15 316 [0]
30 316 [0]
213 316 [0]
2 317 [0]
3 317 [0]
6 317 [0]
7 317 [0]
8 317 [0]
36 317 [0]
48 317 [0]
147 317 [0]
219 317 [0]
2 318 [0]
6 318 [0]
7 318 [0]
9 318 [0]
20 318 [0]
45 318 [0]
109 318 [0]
141 318 [0]
233 318 [0]
0 319 [0]
5 319 [0]
8 319 [0]
16 319 [0]
27 319 [0]
50 319 [0]
75 319 [0]
98 319 [0]
227 319 [0]
1 320 [0]
4 320 [0]
6 320 [0]
7 320 [0]
9 320 [0]
10 320 [0]
15 320 [0]
18 320 [0]
137 320 [0]
0 321 [0]
1 321 [0]
2 321 [0]
5 321 [0]
8 321 [0]
27 321 [0]
50 321 [0]
75 321 [0]
273 321 [0]
0 322 [0]
2 322 [0]
3 322 [0]
7 322 [0]
9 322 [0]
33 322 [0]
51 322 [0]
173 322 [0]
309 322 [0]
0 323 [0]
1 323 [0]
6 323 [0]
8 323 [0]
10 323 [0]
22 323 [0]
29 323 [0]
32 323 [0]
280 323 [0]
0 324 [0]
1 324 [0]
2 324 [0]
4 324 [0]
5 324 [0]
7 324 [0]
8 324 [0]
9 324 [0]
25 324 [0]
0 325 [0]
1 325 [0]
5 325 [0]
8 325 [0]
16 325 [0]
27 325 [0]
50 325 [0]
75 325 [0]
86 325 [0]
1 326 [0]
4 326 [0]
5 326 [0]
8 326 [0]
10 326 [0]
22 326 [0]
29 326 [0]
32 326 [0]
77 326 [0]
0 327 [0]
2 327 [0]
3 327 [0]
4 327 [0]
6 327 [0]
7 327 [0]
8 327 [0]
11 327 [0]
126 327 [0]
1 328 [0]
3 328 [0]
4 328 [0]
6 328 [0]
7 328 [0]
8 328 [0]
9 328 [0]
89 328 [0]
95 328 [0]
0 329 [0]
2 329 [0]
8 329 [0]
10 329 [0]
16 329 [0]
38 329 [0]
56 329 [0]
129 329 [0]
272 329 [0]
4 330 [0]
5 330 [0]
6 330 [0]
9 330 [0]
10 330 [0]
22 330 [0]
39 330 [0]
112 330 [0]
181 330 [0]
2 331 [0]
4 331 [0]
5 331 [0]
7 331 [0]
9 331 [0]
25 331 [0]
34 331 [0]
84 331 [0]
208 331 [0]
1 332 [0]
2 332 [0]
4 332 [0]
6 332 [0]
7 332 [0]
10 332 [0]
12 332 [0]
20 332 [0]
119 332 [0]
1 333 [0]
4 333 [0]
5 333 [0]
8 333 [0]
9 333 [0]
10 333 [0]
22 333 [0]
97 333 [0]
145 333 [0]
2 334 [0]
6 334 [0]
7 334 [0]
9 334 [0]
20 334 [0]
45 334 [0]
109 334 [0]
233 334 [0]
318 334 [0]
2 335 [0]
4 335 [0]
6 335 [0]
7 335 [0]
12 335 [0]
20 335 [0]
119 335 [0]
178 335 [0]
240 335 [0]
1 336 [0]
3 336 [0]
4 336 [0]
6 336 [0]
7 336 [0]
8 336 [0]
19 336 [0]
89 336 [0]
95 336 [0]
6 337 [0]
7 337 [0]
8 337 [0]
9 337 [0]
11 337 [0]
23 337 [0]
80 337 [0]
100 337 [0]
114 337 [0]
1 338 [0]
2 338 [0]
4 338 [0]
6 338 [0]
7 338 [0]
10 338 [0]
12 338 [0]
45 338 [0]
106 338 [0]
2 339 [0]
3 339 [0]
4 339 [0]
5 339 [0]
7 339 [0]
8 339 [0]
9 339 [0]
36 339 [0]
55 339 [0]
1 340 [0]
2 340 [0]
6 340 [0]
7 340 [0]
8 340 [0]
15 340 [0]
30 340 [0]
124 340 [0]
212 340 [0]
2 341 [0]
3 341 [0]
5 341 [0]
7 341 [0]
8 341 [0]
9 341 [0]
33 341 [0]
51 341 [0]
117 341 [0]
2 342 [0]
3 342 [0]
4 342 [0]
6 342 [0]
8 342 [0]
36 342 [0]
48 342 [0]
90 342 [0]
147 342 [0]
0 343 [0]
2 343 [0]
8 343 [0]
10 343 [0]
14 343 [0]
16 343 [0]
38 343 [0]
129 343 [0]
272 343 [0]
0 344 [0]
5 344 [0]
10 344 [0]
13 344 [0]
14 344 [0]
16 344 [0]
27 344 [0]
76 344 [0]
103 344 [0]
0 345 [0]
1 345 [0]
5 345 [0]
6 345 [0]
7 345 [0]
9 345 [0]
10 345 [0]
69 345 [0]
276 345 [0]
1 346 [0]
2 346 [0]
4 346 [0]
5 346 [0]
6 346 [0]
8 346 [0]
9 346 [0]
88 346 [0]
122 346 [0]
5 347 [0]
6 347 [0]
8 347 [0]
9 347 [0]
10 347 [0]
39 347 [0]
97 347 [0]
111 347 [0]
140 347 [0]
1 348 [0]
4 348 [0]
6 348 [0]
7 348 [0]
9 348 [0]
21 348 [0]
61 348 [0]
199 348 [0]
263 348 [0]
2 349 [0]
4 349 [0]
6 349 [0]
7 349 [0]
12 349 [0]
20 349 [0]
119 349 [0]
240 349 [0]
335 349 [0]
0 350 [0]
1 350 [0]
2 350 [0]
3 350 [0]
4 350 [0]
7 350 [0]
8 350 [0]
9 350 [0]
19 350 [0]
0 351 [0]
1 351 [0]
2 351 [0]
4 351 [0]
6 351 [0]
8 351 [0]
10 351 [0]
22 351 [0]
29 351 [0]
1 352 [0]
4 352 [0]
5 352 [0]
8 352 [0]
9 352 [0]
10 352 [0]
22 352 [0]
39 352 [0]
145 352 [0]
0 353 [0]
5 353 [0]
10 353 [0]
13 353 [0]
14 353 [0]
27 353 [0]
76 353 [0]
103 353 [0]
344 353 [0]
0 354 [0]
1 354 [0]
2 354 [0]
5 354 [0]
8 354 [0]
10 354 [0]
16 354 [0]
27 354 [0]
28 354 [0]
0 355 [0]
1 355 [0]
2 355 [0]
8 355 [0]
9 355 [0]
10 355 [0]
13 355 [0]
14 355 [0]
24 355 [0]
1 356 [0]
2 356 [0]
4 356 [0]
6 356 [0]
8 356 [0]
9 356 [0]
22 356 [0]
99 356 [0]
179 356 [0]
4 357 [0]
7 357 [0]
8 357 [0]
23 357 [0]
79 357 [0]
100 357 [0]
113 357 [0]
188 357 [0]
267 357 [0]
0 358 [0]
2 358 [0]
8 358 [0]
10 358 [0]
16 358 [0]
27 358 [0]
38 358 [0]
56 358 [0]
87 358 [0]
1 359 [0]
4 359 [0]
5 359 [0]
6 359 [0]
8 359 [0]
9 359 [0]
10 359 [0]
21 359 [0]
294 359 [0]
0 360 [0]
1 360 [0]
2 360 [0]
8 360 [0]
10 360 [0]
13 360 [0]
14 360 [0]
24 360 [0]
355 360 [0]
1 361 [0]
2 361 [0]
3 361 [0]
5 361 [0]
7 361 [0]
8 361 [0]
9 361 [0]
51 361 [0]
107 361 [0]
0 362 [0]
1 362 [0]
4 362 [0]
5 362 [0]
8 362 [0]
21 362 [0]
49 362 [0]
68 362 [0]
115 362 [0]
2 363 [0]
4 363 [0]
5 363 [0]
6 363 [0]
7 363 [0]
8 363 [0]
11 363 [0]
36 363 [0]
255 363 [0]
0 364 [0]
4 364 [0]
5 364 [0]
8 364 [0]
9 364 [0]
10 364 [0]
25 364 [0]
34 364 [0]
238 364 [0]
1 365 [0]
2 365 [0]
5 365 [0]
8 365 [0]
16 365 [0]
27 365 [0]
64 365 [0]
75 365 [0]
104 365 [0]
2 366 [0]
4 366 [0]
5 366 [0]
6 366 [0]
7 366 [0]
8 366 [0]
11 366 [0]
216 366 [0]
255 366 [0]
1 367 [0]
4 367 [0]
5 367 [0]
6 367 [0]
8 367 [0]
10 367 [0]
21 367 [0]
294 367 [0]
359 367 [0]
2 368 [0]
3 368 [0]
4 368 [0]
6 368 [0]
8 368 [0]
36 368 [0]
48 368 [0]
90 368 [0]
147 368 [0]
0 369 [0]
6 369 [0]
7 369 [0]
8 369 [0]
9 369 [0]
10 369 [0]
21 369 [0]
69 369 [0]
73 369 [0]
0 370 [0]
2 370 [0]
5 370 [0]
8 370 [0]
14 370 [0]
27 370 [0]
28 370 [0]
38 370 [0]
133 370 [0]
0 371 [0]
1 371 [0]
2 371 [0]
4 371 [0]
5 371 [0]
6 371 [0]
7 371 [0]
9 371 [0]
10 371 [0]
0 372 [0]
5 372 [0]
8 372 [0]
16 372 [0]
27 372 [0]
50 372 [0]
75 372 [0]
227 372 [0]
319 372 [0]
0 373 [0]
1 373 [0]
2 373 [0]
5 373 [0]
8 373 [0]
10 373 [0]
22 373 [0]
29 373 [0]
42 373 [0]
2 374 [0]
5 374 [0]
6 374 [0]
7 374 [0]
8 374 [0]
11 374 [0]
216 374 [0]
255 374 [0]
366 374 [0]
0 375 [0]
3 375 [0]
4 375 [0]
6 375 [0]
7 375 [0]
8 375 [0]
9 375 [0]
11 375 [0]
79 375 [0]
1 376 [0]
4 376 [0]
5 376 [0]
7 376 [0]
8 376 [0]
9 376 [0]
12 376 [0]
83 376 [0]
101 376 [0]
1 377 [0]
2 377 [0]
5 377 [0]
8 377 [0]
16 377 [0]
27 377 [0]
35 377 [0]
53 377 [0]
82 377 [0]
0 378 [0]
1 378 [0]
2 378 [0]
5 378 [0]
7 378 [0]
10 378 [0]
13 378 [0]
14 378 [0]
157 378 [0]
0 379 [0]
2 379 [0]
3 379 [0]
7 379 [0]
9 379 [0]
33 379 [0]
173 379 [0]
309 379 [0]
322 379 [0]
0 380 [0]
1 380 [0]
2 380 [0]
3 380 [0]
5 380 [0]
8 380 [0]
9 380 [0]
51 380 [0]
107 380 [0]
0 381 [0]
1 381 [0]
2 381 [0]
5 381 [0]
6 381 [0]
29 381 [0]
42 381 [0]
85 381 [0]
244 381 [0]
0 382 [0]
1 382 [0]
2 382 [0]
5 382 [0]
7 382 [0]
8 382 [0]
25 382 [0]
54 382 [0]
192 382 [0]
2 383 [0]
4 383 [0]
6 383 [0]
10 383 [0]
12 383 [0]
20 383 [0]
106 383 [0]
119 383 [0]
178 383 [0]
2 384 [0]
3 384 [0]
6 384 [0]
7 384 [0]
8 384 [0]
36 384 [0]
48 384 [0]
219 384 [0]
317 384 [0]
0 385 [0]
4 385 [0]
5 385 [0]
7 385 [0]
10 385 [0]
21 385 [0]
43 385 [0]
203 385 [0]
230 385 [0]
1 386 [0]
2 386 [0]
5 386 [0]
8 386 [0]
9 386 [0]
10 386 [0]
14 386 [0]
24 386 [0]
143 386 [0]
0 387 [0]
1 387 [0]
4 387 [0]
6 387 [0]
9 387 [0]
10 387 [0]
22 387 [0]
39 387 [0]
92 387 [0]
0 388 [0]
1 388 [0]
2 388 [0]
5 388 [0]
6 388 [0]
8 388 [0]
9 388 [0]
10 388 [0]
22 388 [0]
0 389 [0]
1 389 [0]
2 389 [0]
5 389 [0]
8 389 [0]
13 389 [0]
16 389 [0]
27 389 [0]
299 389 [0]
1 390 [0]
2 390 [0]
5 390 [0]
8 390 [0]
16 390 [0]
27 390 [0]
53 390 [0]
82 390 [0]
377 390 [0]
0 391 [0]
2 391 [0]
4 391 [0]
7 391 [0]
9 391 [0]
25 391 [0]
34 391 [0]
84 391 [0]
184 391 [0]
4 392 [0]
7 392 [0]
8 392 [0]
79 392 [0]
100 392 [0]
113 392 [0]
188 392 [0]
267 392 [0]
357 392 [0]
0 393 [0]
4 393 [0]
5 393 [0]
8 393 [0]
9 393 [0]
10 393 [0]
25 393 [0]
34 393 [0]
238 393 [0]
0 394 [0]
1 394 [0]
2 394 [0]
8 394 [0]
13 394 [0]
16 394 [0]
27 394 [0]
176 394 [0]
299 394 [0]
0 395 [0]
1 395 [0]
4 395 [0]
5 395 [0]
8 395 [0]
21 395 [0]
49 395 [0]
68 395 [0]
115 395 [0]
1 396 [0]
4 396 [0]
5 396 [0]
8 396 [0]
9 396 [0]
10 396 [0]
22 396 [0]
97 396 [0]
145 396 [0]
0 397 [0]
5 397 [0]
7 397 [0]
10 397 [0]
21 397 [0]
43 397 [0]
203 397 [0]
230 397 [0]
385 397 [0]
0 398 [0]
2 398 [0]
10 398 [0]
14 398 [0]
16 398 [0]
27 398 [0]
38 398 [0]
87 398 [0]
108 398 [0]
0 399 [0]
8 399 [0]
14 399 [0]
27 399 [0]
28 399 [0]
38 399 [0]
186 399 [0]
202 399 [0]
258 399 [0]
0 400 [0]
1 400 [0]
4 400 [0]
5 400 [0]
8 400 [0]
10 400 [0]
21 400 [0]
26 400 [0]
43 400 [0]
2 401 [0]
6 401 [0]
8 401 [0]
9 401 [0]
10 401 [0]
22 401 [0]
148 401 [0]
152 401 [0]
283 401 [0]
1 402 [0]
2 402 [0]
4 402 [0]
6 402 [0]
7 402 [0]
9 402 [0]
10 402 [0]
12 402 [0]
20 402 [0]
0 403 [0]
1 403 [0]
2 403 [0]
6 403 [0]
29 403 [0]
85 403 [0]
127 403 [0]
154 403 [0]
295 403 [0]
1 404 [0]
2 404 [0]
6 404 [0]
7 404 [0]
8 404 [0]
9 404 [0]
10 404 [0]
15 404 [0]
18 404 [0]
1 405 [0]
2 405 [0]
5 405 [0]
6 405 [0]
8 405 [0]
9 405 [0]
88 405 [0]
122 405 [0]
206 405 [0]
0 406 [0]
1 406 [0]
2 406 [0]
5 406 [0]
10 406 [0]
13 406 [0]
14 406 [0]
157 406 [0]
378 406 [0]
0 407 [0]
1 407 [0]
2 407 [0]
3 407 [0]
5 407 [0]
7 407 [0]
33 407 [0]
51 407 [0]
93 407 [0]
0 408 [0]
1 408 [0]
4 408 [0]
8 408 [0]
10 408 [0]
21 408 [0]
26 408 [0]
43 408 [0]
400 408 [0]
0 409 [0]
2 409 [0]
8 409 [0]
10 409 [0]
14 409 [0]
16 409 [0]
129 409 [0]
272 409 [0]
343 409 [0]
2 410 [0]
3 410 [0]
5 410 [0]
7 410 [0]
8 410 [0]
33 410 [0]
51 410 [0]
117 410 [0]
341 410 [0]
2 411 [0]
6 411 [0]
7 411 [0]
20 411 [0]
45 411 [0]
109 411 [0]
233 411 [0]
318 411 [0]
334 411 [0]
0 412 [0]
1 412 [0]
4 412 [0]
5 412 [0]
8 412 [0]
10 412 [0]
21 412 [0]
43 412 [0]
203 412 [0]
1 413 [0]
2 413 [0]
4 413 [0]
6 413 [0]
7 413 [0]
9 413 [0]
12 413 [0]
45 413 [0]
78 413 [0]
1 414 [0]
6 414 [0]
7 414 [0]
9 414 [0]
21 414 [0]
61 414 [0]
199 414 [0]
263 414 [0]
348 414 [0]
0 415 [0]
1 415 [0]
4 415 [0]
5 415 [0]
6 415 [0]
8 415 [0]
22 415 [0]
29 415 [0]
66 415 [0]
1 416 [0]
2 416 [0]
5 416 [0]
9 416 [0]
10 416 [0]
13 416 [0]
14 416 [0]
24 416 [0]
143 416 [0]
1 417 [0]
2 417 [0]
6 417 [0]
8 417 [0]
9 417 [0]
22 417 [0]
99 417 [0]
179 417 [0]
356 417 [0]
0 418 [0]
1 418 [0]
4 418 [0]
5 418 [0]
6 418 [0]
7 418 [0]
8 418 [0]
9 418 [0]
21 418 [0]
0 419 [0]
1 419 [0]
6 419 [0]
7 419 [0]
8 419 [0]
9 419 [0]
10 419 [0]
69 419 [0]
73 419 [0]
0 420 [0]
2 420 [0]
8 420 [0]
10 420 [0]
14 420 [0]
129 420 [0]
272 420 [0]
343 420 [0]
409 420 [0]
4 421 [0]
7 421 [0]
8 421 [0]
9 421 [0]
23 421 [0]
79 421 [0]
100 421 [0]
113 421 [0]
188 421 [0]
0 422 [0]
1 422 [0]
4 422 [0]
5 422 [0]
6 422 [0]
8 422 [0]
9 422 [0]
10 422 [0]
294 422 [0]
0 423 [0]
1 423 [0]
2 423 [0]
6 423 [0]
29 423 [0]
85 423 [0]
154 423 [0]
295 423 [0]
403 423 [0]
0 424 [0]
4 424 [0]
5 424 [0]
6 424 [0]
8 424 [0]
9 424 [0]
10 424 [0]
22 424 [0]
39 424 [0]
0 425 [0]
1 425 [0]
6 425 [0]
7 425 [0]
8 425 [0]
9 425 [0]
10 425 [0]
21 425 [0]
69 425 [0]
0 426 [0]
5 426 [0]
10 426 [0]
14 426 [0]
27 426 [0]
76 426 [0]
103 426 [0]
344 426 [0]
353 426 [0]
2 427 [0]
6 427 [0]
7 427 [0]
9 427 [0]
20 427 [0]
109 427 [0]
141 427 [0]
233 427 [0]
318 427 [0]
1 428 [0]
2 428 [0]
5 428 [0]
8 428 [0]
16 428 [0]
27 428 [0]
28 428 [0]
35 428 [0]
53 428 [0]
0 429 [0]
1 429 [0]
4 429 [0]
5 429 [0]
6 429 [0]
8 429 [0]
22 429 [0]
29 429 [0]
32 429 [0]
0 430 [0]
1 430 [0]
2 430 [0]
4 430 [0]
5 430 [0]
6 430 [0]
8 430 [0]
9 430 [0]
99 430 [0]
1 431 [0]
2 431 [0]
5 431 [0]
8 431 [0]
27 431 [0]
28 431 [0]
35 431 [0]
53 431 [0]
82 431 [0]
0 432 [0]
2 432 [0]
3 432 [0]
4 432 [0]
6 432 [0]
7 432 [0]
8 432 [0]
126 432 [0]
327 432 [0]
0 433 [0]
4 433 [0]
5 433 [0]
6 433 [0]
8 433 [0]
9 433 [0]
22 433 [0]
39 433 [0]
74 433 [0]
0 434 [0]
1 434 [0]
5 434 [0]
6 434 [0]
7 434 [0]
10 434 [0]
69 434 [0]
70 434 [0]
276 434 [0]
4 435 [0]
7 435 [0]
8 435 [0]
9 435 [0]
79 435 [0]
100 435 [0]
113 435 [0]
188 435 [0]
421 435 [0]
2 436 [0]
3 436 [0]
4 436 [0]
6 436 [0]
7 436 [0]
8 436 [0]
36 436 [0]
147 436 [0]
219 436 [0]
2 437 [0]
6 437 [0]
7 437 [0]
9 437 [0]
10 437 [0]
20 437 [0]
109 437 [0]
141 437 [0]
233 437 [0]
1 438 [0]
4 438 [0]
5 438 [0]
6 438 [0]
7 438 [0]
9 438 [0]
21 438 [0]
61 438 [0]
302 438 [0]
2 439 [0]
8 439 [0]
14 439 [0]
16 439 [0]
27 439 [0]
28 439 [0]
38 439 [0]
56 439 [0]
186 439 [0]
2 440 [0]
3 440 [0]
6 440 [0]
8 440 [0]
36 440 [0]
48 440 [0]
219 440 [0]
317 440 [0]
384 440 [0]
2 441 [0]
6 441 [0]
7 441 [0]
9 441 [0]
20 441 [0]
109 441 [0]
141 441 [0]
318 441 [0]
427 441 [0]
0 442 [0]
1 442 [0]
2 442 [0]
5 442 [0]
16 442 [0]
27 442 [0]
64 442 [0]
91 442 [0]
260 442 [0]
0 443 [0]
4 443 [0]
5 443 [0]
9 443 [0]
10 443 [0]
25 443 [0]
34 443 [0]
238 443 [0]
364 443 [0]
1 444 [0]
2 444 [0]
4 444 [0]
6 444 [0]
8 444 [0]
10 444 [0]
22 444 [0]
148 444 [0]
196 444 [0]
0 445 [0]
5 445 [0]
8 445 [0]
16 445 [0]
27 445 [0]
50 445 [0]
75 445 [0]
86 445 [0]
325 445 [0]
1 446 [0]
4 446 [0]
5 446 [0]
7 446 [0]
9 446 [0]
10 446 [0]
12 446 [0]
83 446 [0]
101 446 [0]
1 447 [0]
2 447 [0]
4 447 [0]
6 447 [0]
7 447 [0]
8 447 [0]
9 447 [0]
10 447 [0]
12 447 [0]
0 448 [0]
1 448 [0]
3 448 [0]
5 448 [0]
7 448 [0]
8 448 [0]
9 448 [0]
51 448 [0]
107 448 [0]
1 449 [0]
2 449 [0]
5 449 [0]
10 449 [0]
14 449 [0]
16 449 [0]
17 449 [0]
198 449 [0]
257 449 [0]
1 450 [0]
2 450 [0]
5 450 [0]
8 450 [0]
10 450 [0]
14 450 [0]
24 450 [0]
143 450 [0]
386 450 [0]
0 451 [0]
1 451 [0]
4 451 [0]
5 451 [0]
6 451 [0]
7 451 [0]
9 451 [0]
10 451 [0]
21 451 [0]
0 452 [0]
6 452 [0]
7 452 [0]
9 452 [0]
10 452 [0]
21 452 [0]
69 452 [0]
73 452 [0]
185 452 [0]
1 453 [0]
5 453 [0]
6 453 [0]
7 453 [0]
8 453 [0]
9 453 [0]
15 453 [0]
30 453 [0]
124 453 [0]
1 454 [0]
4 454 [0]
5 454 [0]
8 454 [0]
10 454 [0]
22 454 [0]
32 454 [0]
77 454 [0]
326 454 [0]
0 455 [0]
1 455 [0]
2 455 [0]
3 455 [0]
4 455 [0]
5 455 [0]
6 455 [0]
7 455 [0]
9 455 [0]
0 456 [0]
1 456 [0]
2 456 [0]
5 456 [0]
8 456 [0]
9 456 [0]
10 456 [0]
22 456 [0]
388 456 [0]
2 457 [0]
5 457 [0]
7 457 [0]
8 457 [0]
33 457 [0]
51 457 [0]
117 457 [0]
341 457 [0]
410 457 [0]
2 458 [0]
4 458 [0]
5 458 [0]
6 458 [0]
7 458 [0]
8 458 [0]
11 458 [0]
36 458 [0]
255 458 [0]
0 459 [0]
2 459 [0]
3 459 [0]
6 459 [0]
9 459 [0]
23 459 [0]
57 459 [0]
174 459 [0]
221 459 [0]
0 460 [0]
1 460 [0]
2 460 [0]
4 460 [0]
6 460 [0]
8 460 [0]
10 460 [0]
22 460 [0]
29 460 [0]
1 461 [0]
2 461 [0]
4 461 [0]
7 461 [0]
8 461 [0]
9 461 [0]
12 461 [0]
47 461 [0]
164 461 [0]
0 462 [0]
1 462 [0]
5 462 [0]
6 462 [0]
7 462 [0]
9 462 [0]
10 462 [0]
69 462 [0]
276 462 [0]
1 463 [0]
5 463 [0]
7 463 [0]
8 463 [0]
10 463 [0]
12 463 [0]
83 463 [0]
101 463 [0]
215 463 [0]
1 464 [0]
4 464 [0]
5 464 [0]
6 464 [0]
8 464 [0]
22 464 [0]
29 464 [0]
32 464 [0]
429 464 [0]
0 465 [0]
1 465 [0]
7 465 [0]
8 465 [0]
10 465 [0]
21 465 [0]
43 465 [0]
203 465 [0]
248 465 [0]
3 466 [0]
4 466 [0]
6 466 [0]
7 466 [0]
8 466 [0]
36 466 [0]
48 466 [0]
147 466 [0]
159 466 [0]
0 467 [0]
5 467 [0]
13 467 [0]
16 467 [0]
27 467 [0]
50 467 [0]
64 467 [0]
167 467 [0]
313 467 [0]
4 468 [0]
7 468 [0]
8 468 [0]
9 468 [0]
11 468 [0]
23 468 [0]
79 468 [0]
80 468 [0]
113 468 [0]
2 469 [0]
6 469 [0]
7 469 [0]
9 469 [0]
10 469 [0]
20 469 [0]
109 469 [0]
141 469 [0]
233 469 [0]
2 470 [0]
4 470 [0]
5 470 [0]
7 470 [0]
8 470 [0]
9 470 [0]
10 470 [0]
25 470 [0]
34 470 [0]
0 471 [0]
1 471 [0]
2 471 [0]
3 471 [0]
5 471 [0]
7 471 [0]
33 471 [0]
93 471 [0]
407 471 [0]
2 472 [0]
8 472 [0]
10 472 [0]
14 472 [0]
16 472 [0]
129 472 [0]
272 472 [0]
343 472 [0]
409 472 [0]
1 473 [0]
2 473 [0]
4 473 [0]
6 473 [0]
7 473 [0]
20 473 [0]
106 473 [0]
119 473 [0]
165 473 [0]
4 474 [0]
5 474 [0]
6 474 [0]
8 474 [0]
9 474 [0]
10 474 [0]
21 474 [0]
294 474 [0]
359 474 [0]
0 475 [0]
2 475 [0]
3 475 [0]
5 475 [0]
7 475 [0]
8 475 [0]
33 475 [0]
51 475 [0]
117 475 [0]
1 476 [0]
4 476 [0]
5 476 [0]
8 476 [0]
10 476 [0]
22 476 [0]
32 476 [0]
77 476 [0]
454 476 [0]
0 477 [0]
1 477 [0]
5 477 [0]
8 477 [0]
16 477 [0]
27 477 [0]
50 477 [0]
64 477 [0]
75 477 [0]
0 478 [0]
5 478 [0]
10 478 [0]
13 478 [0]
14 478 [0]
16 478 [0]
27 478 [0]
76 478 [0]
344 478 [0]
2 479 [0]
5 479 [0]
8 479 [0]
10 479 [0]
16 479 [0]
27 479 [0]
28 479 [0]
35 479 [0]
53 479 [0]
1 480 [0]
2 480 [0]
6 480 [0]
8 480 [0]
9 480 [0]
22 480 [0]
99 480 [0]
179 480 [0]
356 480 [0]
0 481 [0]
1 481 [0]
5 481 [0]
8 481 [0]
16 481 [0]
27 481 [0]
50 481 [0]
75 481 [0]
477 481 [0]
1 482 [0]
6 482 [0]
7 482 [0]
9 482 [0]
21 482 [0]
61 482 [0]
199 482 [0]
263 482 [0]
348 482 [0]
1 483 [0]
3 483 [0]
5 483 [0]
7 483 [0]
8 483 [0]
9 483 [0]
51 483 [0]
107 483 [0]
361 483 [0]
0 484 [0]
2 484 [0]
4 484 [0]
5 484 [0]
7 484 [0]
8 484 [0]
9 484 [0]
10 484 [0]
34 484 [0]
2 485 [0]
3 485 [0]
5 485 [0]
7 485 [0]
8 485 [0]
51 485 [0]
117 485 [0]
341 485 [0]
410 485 [0]
1 486 [0]
4 486 [0]
6 486 [0]
8 486 [0]
10 486 [0]
22 486 [0]
148 486 [0]
196 486 [0]
444 486 [0]
0 487 [0]
1 487 [0]
2 487 [0]
3 487 [0]
5 487 [0]
6 487 [0]
7 487 [0]
9 487 [0]
455 487 [0]
0 488 [0]
5 488 [0]
10 488 [0]
27 488 [0]
76 488 [0]
103 488 [0]
344 488 [0]
353 488 [0]
426 488 [0]
2 489 [0]
3 489 [0]
4 489 [0]
6 489 [0]
7 489 [0]
36 489 [0]
147 489 [0]
219 489 [0]
436 489 [0]
1 490 [0]
4 490 [0]
5 490 [0]
6 490 [0]
7 490 [0]
8 490 [0]
9 490 [0]
10 490 [0]
83 490 [0]
0 491 [0]
2 491 [0]
8 491 [0]
10 491 [0]
16 491 [0]
38 491 [0]
129 491 [0]
272 491 [0]
343 491 [0]
1 492 [0]
6 492 [0]
7 492 [0]
8 492 [0]
9 492 [0]
15 492 [0]
30 492 [0]
124 492 [0]
453 492 [0]
0 493 [0]
5 493 [0]
8 493 [0]
27 493 [0]
50 493 [0]
98 493 [0]
102 493 [0]
227 493 [0]
279 493 [0]
0 494 [0]
6 494 [0]
7 494 [0]
9 494 [0]
10 494 [0]
69 494 [0]
73 494 [0]
185 494 [0]
226 494 [0]
0 495 [0]
1 495 [0]
5 495 [0]
6 495 [0]
22 495 [0]
29 495 [0]
42 495 [0]
85 495 [0]
209 495 [0]
0 496 [0]
4 496 [0]
5 496 [0]
9 496 [0]
10 496 [0]
39 496 [0]
92 496 [0]
112 496 [0]
223 496 [0]
0 497 [0]
2 497 [0]
4 497 [0]
6 497 [0]
7 497 [0]
8 497 [0]
126 497 [0]
327 497 [0]
432 497 [0]
5 498 [0]
6 498 [0]
8 498 [0]
9 498 [0]
10 498 [0]
39 498 [0]
97 498 [0]
140 498 [0]
347 498 [0]
1 499 [0]
2 499 [0]
4 499 [0]
5 499 [0]
7 499 [0]
8 499 [0]
9 499 [0]
15 499 [0]
183 499 [0]
0 500 [0]
1 500 [0]
2 500 [0]
4 500 [0]
5 500 [0]
8 500 [0]
9 500 [0]
22 500 [0]
60 500 [0]
0 501 [0]
2 501 [0]
3 501 [0]
5 501 [0]
6 501 [0]
7 501 [0]
8 501 [0]
9 501 [0]
33 501 [0]
2 502 [0]
3 502 [0]
4 502 [0]
6 502 [0]
7 502 [0]
8 502 [0]
36 502 [0]
90 502 [0]
147 502 [0]
2 503 [0]
5 503 [0]
8 503 [0]
10 503 [0]
14 503 [0]
16 503 [0]
27 503 [0]
28 503 [0]
35 503 [0]
1 504 [0]
4 504 [0]
6 504 [0]
7 504 [0]
8 504 [0]
10 504 [0]
15 504 [0]
18 504 [0]
137 504 [0]
1 505 [0]
2 505 [0]
7 505 [0]
8 505 [0]
9 505 [0]
12 505 [0]
47 505 [0]
164 505 [0]
461 505 [0]
5 506 [0]
8 506 [0]
9 506 [0]
10 506 [0]
39 506 [0]
97 506 [0]
111 506 [0]
140 506 [0]
347 506 [0]
1 507 [0]
2 507 [0]
4 507 [0]
8 507 [0]
9 507 [0]
22 507 [0]
99 507 [0]
179 507 [0]
356 507 [0]
2 508 [0]
8 508 [0]
10 508 [0]
14 508 [0]
16 508 [0]
38 508 [0]
129 508 [0]
272 508 [0]
343 508 [0]
2 509 [0]
3 509 [0]
4 509 [0]
6 509 [0]
7 509 [0]
8 509 [0]
36 509 [0]
90 509 [0]
502 509 [0]
2 510 [0]
3 510 [0]
5 510 [0]
6 510 [0]
7 510 [0]
8 510 [0]
9 510 [0]
36 510 [0]
48 510 [0]
0 511 [0]
6 511 [0]
7 511 [0]
9 511 [0]
10 511 [0]
69 511 [0]
73 511 [0]
185 511 [0]
494 511 [0]
1 512 [0]
2 512 [0]
6 512 [0]
8 512 [0]
9 512 [0]
22 512 [0]
88 512 [0]
122 512 [0]
281 512 [0]
1 513 [0]
2 513 [0]
6 513 [0]
8 513 [0]
9 513 [0]
10 513 [0]
22 513 [0]
152 513 [0]
252 513 [0]
2 514 [0]
3 514 [0]
5 514 [0]
7 514 [0]
8 514 [0]
51 514 [0]
117 514 [0]
341 514 [0]
410 514 [0]
2 515 [0]
8 515 [0]
10 515 [0]
16 515 [0]
27 515 [0]
28 515 [0]
35 515 [0]
53 515 [0]
479 515 [0]
1 516 [0]
4 516 [0]
5 516 [0]
8 516 [0]
9 516 [0]
22 516 [0]
39 516 [0]
97 516 [0]
145 516 [0]
0 517 [0]
2 517 [0]
3 517 [0]
7 517 [0]
9 517 [0]
33 517 [0]
51 517 [0]
309 517 [0]
322 517 [0]
0 518 [0]
2 518 [0]
8 518 [0]
14 518 [0]
16 518 [0]
28 518 [0]
38 518 [0]
56 518 [0]
186 518 [0]
1 519 [0]
4 519 [0]
7 519 [0]
9 519 [0]
21 519 [0]
61 519 [0]
199 519 [0]
263 519 [0]
348 519 [0]
0 520 [0]
5 520 [0]
6 520 [0]
8 520 [0]
9 520 [0]
22 520 [0]
39 520 [0]
74 520 [0]
433 520 [0]
0 521 [0]
13 521 [0]
16 521 [0]
27 521 [0]
50 521 [0]
64 521 [0]
91 521 [0]
175 521 [0]
204 521 [0]
4 522 [0]
7 522 [0]
8 522 [0]
23 522 [0]
79 522 [0]
100 522 [0]
113 522 [0]
267 522 [0]
357 522 [0]
0 523 [0]
3 523 [0]
5 523 [0]
7 523 [0]
9 523 [0]
33 523 [0]
51 523 [0]
117 523 [0]
297 523 [0]
0 524 [0]
5 524 [0]
10 524 [0]
13 524 [0]
16 524 [0]
27 524 [0]
76 524 [0]
103 524 [0]
344 524 [0]
0 525 [0]
1 525 [0]
2 525 [0]
3 525 [0]
4 525 [0]
7 525 [0]
9 525 [0]
19 525 [0]
350 525 [0]
0 526 [0]
1 526 [0]
2 526 [0]
5 526 [0]
6 526 [0]
8 526 [0]
9 526 [0]
22 526 [0]
60 526 [0]
1 527 [0]
4 527 [0]
5 527 [0]
6 527 [0]
8 527 [0]
10 527 [0]
97 527 [0]
111 527 [0]
237 527 [0]
1 528 [0]
2 528 [0]
5 528 [0]
8 528 [0]
10 528 [0]
16 528 [0]
27 528 [0]
35 528 [0]
53 528 [0]
0 529 [0]
1 529 [0]
4 529 [0]
5 529 [0]
10 529 [0]
22 529 [0]
29 529 [0]
32 529 [0]
77 529 [0]
1 530 [0]
2 530 [0]
6 530 [0]
7 530 [0]
9 530 [0]
10 530 [0]
12 530 [0]
20 530 [0]
284 530 [0]
0 531 [0]
5 531 [0]
10 531 [0]
13 531 [0]
14 531 [0]
16 531 [0]
27 531 [0]
344 531 [0]
478 531 [0]
1 532 [0]
2 532 [0]
4 532 [0]
6 532 [0]
9 532 [0]
22 532 [0]
88 532 [0]
122 532 [0]
281 532 [0]
2 533 [0]
5 533 [0]
8 533 [0]
27 533 [0]
75 533 [0]
98 533 [0]
139 533 [0]
158 533 [0]
229 533 [0]
0 534 [0]
4 534 [0]
5 534 [0]
6 534 [0]
8 534 [0]
9 534 [0]
39 534 [0]
74 534 [0]
433 534 [0]
0 535 [0]
2 535 [0]
8 535 [0]
10 535 [0]
16 535 [0]
27 535 [0]
38 535 [0]
87 535 [0]
358 535 [0]
0 536 [0]
2 536 [0]
8 536 [0]
10 536 [0]
14 536 [0]
16 536 [0]
27 536 [0]
38 536 [0]
56 536 [0]
0 537 [0]
2 537 [0]
5 537 [0]
6 537 [0]
8 537 [0]
22 537 [0]
29 537 [0]
42 537 [0]
211 537 [0]
0 538 [0]
2 538 [0]
8 538 [0]
14 538 [0]
27 538 [0]
28 538 [0]
38 538 [0]
56 538 [0]
265 538 [0]
0 539 [0]
5 539 [0]
7 539 [0]
10 539 [0]
43 539 [0]
203 539 [0]
230 539 [0]
385 539 [0]
397 539 [0]
4 540 [0]
7 540 [0]
8 540 [0]
9 540 [0]
23 540 [0]
79 540 [0]
100 540 [0]
113 540 [0]
421 540 [0]
0 541 [0]
4 541 [0]
5 541 [0]
8 541 [0]
9 541 [0]
39 541 [0]
74 541 [0]
433 541 [0]
534 541 [0]
0 542 [0]
8 542 [0]
14 542 [0]
27 542 [0]
28 542 [0]
38 542 [0]
56 542 [0]
186 542 [0]
202 542 [0]
0 543 [0]
2 543 [0]
4 543 [0]
5 543 [0]
6 543 [0]
7 543 [0]
9 543 [0]
10 543 [0]
371 543 [0]
0 544 [0]
1 544 [0]
2 544 [0]
8 544 [0]
13 544 [0]
16 544 [0]
64 544 [0]
176 544 [0]
298 544 [0]
4 545 [0]
5 545 [0]
6 545 [0]
8 545 [0]
10 545 [0]
21 545 [0]
294 545 [0]
359 545 [0]
474 545 [0]
0 546 [0]
1 546 [0]
5 546 [0]
8 546 [0]
16 546 [0]
27 546 [0]
75 546 [0]
86 546 [0]
325 546 [0]
0 547 [0]
5 547 [0]
8 547 [0]
16 547 [0]
27 547 [0]
50 547 [0]
75 547 [0]
477 547 [0]
481 547 [0]
0 548 [0]
1 548 [0]
2 548 [0]
3 548 [0]
4 548 [0]
7 548 [0]
9 548 [0]
350 548 [0]
525 548 [0]
4 549 [0]
7 549 [0]
8 549 [0]
23 549 [0]
100 549 [0]
113 549 [0]
188 549 [0]
267 549 [0]
357 549 [0]
0 550 [0]
2 550 [0]
4 550 [0]
5 550 [0]
6 550 [0]
8 550 [0]
10 550 [0]
44 550 [0]
94 550 [0]
6 551 [0]
7 551 [0]
8 551 [0]
9 551 [0]
11 551 [0]
80 551 [0]
100 551 [0]
114 551 [0]
337 551 [0]
1 552 [0]
2 552 [0]
4 552 [0]
5 552 [0]
6 552 [0]
7 552 [0]
8 552 [0]
12 552 [0]
31 552 [0]
1 553 [0]
2 553 [0]
4 553 [0]
7 553 [0]
9 553 [0]
12 553 [0]
20 553 [0]
45 553 [0]
78 553 [0]
1 554 [0]
2 554 [0]
4 554 [0]
8 554 [0]
9 554 [0]
12 554 [0]
47 554 [0]
151 554 [0]
164 554 [0]
1 555 [0]
2 555 [0]
6 555 [0]
7 555 [0]
8 555 [0]
9 555 [0]
12 555 [0]
47 555 [0]
151 555 [0]
0 556 [0]
8 556 [0]
10 556 [0]
14 556 [0]
38 556 [0]
56 556 [0]
128 556 [0]
135 556 [0]
305 556 [0]
0 557 [0]
2 557 [0]
5 557 [0]
6 557 [0]
8 557 [0]
22 557 [0]
42 557 [0]
85 557 [0]
211 557 [0]
1 558 [0]
4 558 [0]
6 558 [0]
7 558 [0]
8 558 [0]
15 558 [0]
18 558 [0]
137 558 [0]
232 558 [0]
1 559 [0]
2 559 [0]
4 559 [0]
6 559 [0]
7 559 [0]
8 559 [0]
9 559 [0]
12 559 [0]
47 559 [0]
0 560 [0]
2 560 [0]
3 560 [0]
6 560 [0]
7 560 [0]
9 560 [0]
23 560 [0]
221 560 [0]
259 560 [0]
0 561 [0]
1 561 [0]
2 561 [0]
5 561 [0]
8 561 [0]
9 561 [0]
14 561 [0]
16 561 [0]
17 561 [0]
0 562 [0]
1 562 [0]
2 562 [0]
6 562 [0]
85 562 [0]
154 562 [0]
295 562 [0]
403 562 [0]
423 562 [0]
0 563 [0]
1 563 [0]
4 563 [0]
5 563 [0]
6 563 [0]
8 563 [0]
9 563 [0]
22 563 [0]
99 563 [0]
1 564 [0]
5 564 [0]
8 564 [0]
9 564 [0]
10 564 [0]
39 564 [0]
97 564 [0]
111 564 [0]
140 564 [0]
0 565 [0]
8 565 [0]
10 565 [0]
28 565 [0]
38 565 [0]
56 565 [0]
128 565 [0]
135 565 [0]
256 565 [0]
2 566 [0]
5 566 [0]
8 566 [0]
27 566 [0]
75 566 [0]
98 566 [0]
158 566 [0]
229 566 [0]
533 566 [0]
0 567 [0]
8 567 [0]
16 567 [0]
27 567 [0]
50 567 [0]
75 567 [0]
102 567 [0]
227 567 [0]
311 567 [0]
0 568 [0]
2 568 [0]
9 568 [0]
10 568 [0]
13 568 [0]
14 568 [0]
16 568 [0]
40 568 [0]
142 568 [0]
4 569 [0]
5 569 [0]
6 569 [0]
7 569 [0]
9 569 [0]
21 569 [0]
61 569 [0]
302 569 [0]
438 569 [0]
2 570 [0]
4 570 [0]
6 570 [0]
10 570 [0]
12 570 [0]
20 570 [0]
106 570 [0]
178 570 [0]
383 570 [0]
8 571 [0]
10 571 [0]
14 571 [0]
16 571 [0]
38 571 [0]
56 571 [0]
87 571 [0]
129 571 [0]
131 571 [0]
8 572 [0]
10 572 [0]
28 572 [0]
38 572 [0]
56 572 [0]
128 572 [0]
135 572 [0]
256 572 [0]
565 572 [0]
0 573 [0]
1 573 [0]
5 573 [0]
6 573 [0]
8 573 [0]
9 573 [0]
10 573 [0]
21 573 [0]
294 573 [0]
0 574 [0]
1 574 [0]
2 574 [0]
5 574 [0]
8 574 [0]
9 574 [0]
13 574 [0]
14 574 [0]
24 574 [0]
0 575 [0]
1 575 [0]
5 575 [0]
10 575 [0]
14 575 [0]
16 575 [0]
17 575 [0]
198 575 [0]
257 575 [0]
4 576 [0]
5 576 [0]
6 576 [0]
7 576 [0]
8 576 [0]
9 576 [0]
10 576 [0]
12 576 [0]
83 576 [0]
1 577 [0]
2 577 [0]
4 577 [0]
6 577 [0]
8 577 [0]
9 577 [0]
88 577 [0]
122 577 [0]
206 577 [0]
2 578 [0]
3 578 [0]
4 578 [0]
5 578 [0]
6 578 [0]
8 578 [0]
9 578 [0]
36 578 [0]
48 578 [0]
0 579 [0]
1 579 [0]
4 579 [0]
5 579 [0]
6 579 [0]
8 579 [0]
10 579 [0]
21 579 [0]
294 579 [0]
4 580 [0]
5 580 [0]
9 580 [0]
10 580 [0]
22 580 [0]
39 580 [0]
112 580 [0]
181 580 [0]
330 580 [0]
0 581 [0]
2 581 [0]
3 581 [0]
5 581 [0]
7 581 [0]
9 581 [0]
33 581 [0]
51 581 [0]
297 581 [0]
0 582 [0]
1 582 [0]
5 582 [0]
7 582 [0]
8 582 [0]
9 582 [0]
10 582 [0]
69 582 [0]
70 582 [0]
1 583 [0]
5 583 [0]
8 583 [0]
10 583 [0]
12 583 [0]
83 583 [0]
101 583 [0]
215 583 [0]
463 583 [0]
0 584 [0]
2 584 [0]
5 584 [0]
8 584 [0]
27 584 [0]
75 584 [0]
86 584 [0]
98 584 [0]
293 584 [0]
0 585 [0]
8 585 [0]
10 585 [0]
14 585 [0]
38 585 [0]
56 585 [0]
128 585 [0]
305 585 [0]
556 585 [0]
0 586 [0]
2 586 [0]
3 586 [0]
5 586 [0]
6 586 [0]
7 586 [0]
8 586 [0]
11 586 [0]
126 586 [0]
1 587 [0]
2 587 [0]
4 587 [0]
6 587 [0]
8 587 [0]
9 587 [0]
22 587 [0]
88 587 [0]
281 587 [0]
0 588 [0]
8 588 [0]
10 588 [0]
14 588 [0]
16 588 [0]
27 588 [0]
38 588 [0]
56 588 [0]
536 588 [0]
2 589 [0]
8 589 [0]
14 589 [0]
16 589 [0]
27 589 [0]
28 589 [0]
38 589 [0]
56 589 [0]
439 589 [0]
1 590 [0]
5 590 [0]
8 590 [0]
10 590 [0]
14 590 [0]
24 590 [0]
143 590 [0]
386 590 [0]
450 590 [0]
0 591 [0]
1 591 [0]
2 591 [0]
3 591 [0]
5 591 [0]
7 591 [0]
33 591 [0]
407 591 [0]
471 591 [0]
2 592 [0]
3 592 [0]
4 592 [0]
7 592 [0]
8 592 [0]
36 592 [0]
48 592 [0]
90 592 [0]
147 592 [0]
2 593 [0]
4 593 [0]
5 593 [0]
7 593 [0]
8 593 [0]
9 593 [0]
11 593 [0]
36 593 [0]
216 593 [0]
0 594 [0]
5 594 [0]
8 594 [0]
16 594 [0]
50 594 [0]
75 594 [0]
227 594 [0]
319 594 [0]
372 594 [0]
1 595 [0]
2 595 [0]
5 595 [0]
8 595 [0]
13 595 [0]
16 595 [0]
27 595 [0]
50 595 [0]
64 595 [0]
1 596 [0]
4 596 [0]
6 596 [0]
7 596 [0]
9 596 [0]
21 596 [0]
49 596 [0]
199 596 [0]
263 596 [0]
0 597 [0]
2 597 [0]
3 597 [0]
5 597 [0]
9 597 [0]
33 597 [0]
51 597 [0]
297 597 [0]
581 597 [0]
0 598 [0]
8 598 [0]
14 598 [0]
16 598 [0]
27 598 [0]
28 598 [0]
38 598 [0]
56 598 [0]
265 598 [0]
1 599 [0]
4 599 [0]
5 599 [0]
8 599 [0]
9 599 [0]
10 599 [0]
22 599 [0]
145 599 [0]
396 599 [0]
0 600 [0]
5 600 [0]
10 600 [0]
13 600 [0]
16 600 [0]
27 600 [0]
76 600 [0]
103 600 [0]
344 600 [0]
2 601 [0]
4 601 [0]
5 601 [0]
7 601 [0]
8 601 [0]
10 601 [0]
25 601 [0]
105 601 [0]
149 601 [0]
0 602 [0]
4 602 [0]
5 602 [0]
6 602 [0]
8 602 [0]
9 602 [0]
10 602 [0]
22 602 [0]
424 602 [0]
1 603 [0]
5 603 [0]
8 603 [0]
10 603 [0]
14 603 [0]
24 603 [0]
143 603 [0]
386 603 [0]
450 603 [0]
2 604 [0]
5 604 [0]
6 604 [0]
7 604 [0]
8 604 [0]
11 604 [0]
216 604 [0]
366 604 [0]
374 604 [0]
2 605 [0]
4 605 [0]
6 605 [0]
7 605 [0]
9 605 [0]
12 605 [0]
20 605 [0]
45 605 [0]
277 605 [0]
1 606 [0]
2 606 [0]
8 606 [0]
9 606 [0]
10 606 [0]
13 606 [0]
14 606 [0]
24 606 [0]
355 606 [0]
1 607 [0]
2 607 [0]
5 607 [0]
16 607 [0]
27 607 [0]
64 607 [0]
91 607 [0]
260 607 [0]
442 607 [0]
2 608 [0]
3 608 [0]
5 608 [0]
7 608 [0]
8 608 [0]
51 608 [0]
117 608 [0]
410 608 [0]
485 608 [0]
2 609 [0]
3 609 [0]
7 609 [0]
9 609 [0]
33 609 [0]
173 609 [0]
309 609 [0]
322 609 [0]
379 609 [0]
0 610 [0]
5 610 [0]
6 610 [0]
8 610 [0]
9 610 [0]
10 610 [0]
22 610 [0]
39 610 [0]
424 610 [0]
0 611 [0]
8 611 [0]
10 611 [0]
14 611 [0]
27 611 [0]
38 611 [0]
56 611 [0]
536 611 [0]
588 611 [0]
0 612 [0]
1 612 [0]
2 612 [0]
5 612 [0]
7 612 [0]
8 612 [0]
25 612 [0]
192 612 [0]
382 612 [0]
0 613 [0]
2 613 [0]
3 613 [0]
4 613 [0]
6 613 [0]
8 613 [0]
11 613 [0]
126 613 [0]
327 613 [0]
0 614 [0]
5 614 [0]
8 614 [0]
16 614 [0]
27 614 [0]
50 614 [0]
98 614 [0]
102 614 [0]
227 614 [0]
2 615 [0]
4 615 [0]
5 615 [0]
7 615 [0]
8 615 [0]
9 615 [0]
10 615 [0]
15 615 [0]
183 615 [0]
1 616 [0]
4 616 [0]
6 616 [0]
7 616 [0]
9 616 [0]
10 616 [0]
12 616 [0]
83 616 [0]
121 616 [0]
5 617 [0]
6 617 [0]
9 617 [0]
10 617 [0]
39 617 [0]
97 617 [0]
111 617 [0]
140 617 [0]
347 617 [0]
3 618 [0]
7 618 [0]
8 618 [0]
9 618 [0]
36 618 [0]
48 618 [0]
55 618 [0]
180 618 [0]
245 618 [0]
1 619 [0]
2 619 [0]
5 619 [0]
7 619 [0]
8 619 [0]
9 619 [0]
10 619 [0]
15 619 [0]
292 619 [0]
0 620 [0]
1 620 [0]
4 620 [0]
5 620 [0]
6 620 [0]
8 620 [0]
10 620 [0]
22 620 [0]
41 620 [0]
1 621 [0]
2 621 [0]
5 621 [0]
8 621 [0]
16 621 [0]
27 621 [0]
53 621 [0]
82 621 [0]
189 621 [0]
1 622 [0]
2 622 [0]
5 622 [0]
8 622 [0]
27 622 [0]
50 622 [0]
64 622 [0]
75 622 [0]
104 622 [0]
1 623 [0]
2 623 [0]
5 623 [0]
8 623 [0]
16 623 [0]
27 623 [0]
28 623 [0]
53 623 [0]
189 623 [0]
1 624 [0]
2 624 [0]
4 624 [0]
6 624 [0]
9 624 [0]
22 624 [0]
88 624 [0]
281 624 [0]
532 624 [0]
0 625 [0]
5 625 [0]
10 625 [0]
13 625 [0]
16 625 [0]
76 625 [0]
103 625 [0]
344 625 [0]
600 625 [0]
2 626 [0]
6 626 [0]
7 626 [0]
9 626 [0]
10 626 [0]
109 626 [0]
141 626 [0]
233 626 [0]
469 626 [0]
0 627 [0]
1 627 [0]
2 627 [0]
5 627 [0]
8 627 [0]
16 627 [0]
50 627 [0]
64 627 [0]
75 627 [0]
0 628 [0]
2 628 [0]
4 628 [0]
5 628 [0]
6 628 [0]
7 628 [0]
9 628 [0]
10 628 [0]
543 628 [0]
0 629 [0]
1 629 [0]
2 629 [0]
5 629 [0]
6 629 [0]
8 629 [0]
22 629 [0]
29 629 [0]
42 629 [0]
5 630 [0]
10 630 [0]
13 630 [0]
16 630 [0]
27 630 [0]
76 630 [0]
103 630 [0]
344 630 [0]
600 630 [0]
1 631 [0]
5 631 [0]
6 631 [0]
7 631 [0]
9 631 [0]
10 631 [0]
69 631 [0]
276 631 [0]
345 631 [0]
0 632 [0]
1 632 [0]
2 632 [0]
4 632 [0]
5 632 [0]
8 632 [0]
10 632 [0]
44 632 [0]
94 632 [0]
0 633 [0]
8 633 [0]
10 633 [0]
14 633 [0]
27 633 [0]
56 633 [0]
536 633 [0]
588 633 [0]
611 633 [0]
4 634 [0]
6 634 [0]
8 634 [0]
9 634 [0]
23 634 [0]
79 634 [0]
80 634 [0]
100 634 [0]
291 634 [0]
1 635 [0]
4 635 [0]
5 635 [0]
7 635 [0]
8 635 [0]
9 635 [0]
10 635 [0]
12 635 [0]
83 635 [0]
0 636 [0]
1 636 [0]
2 636 [0]
5 636 [0]
6 636 [0]
8 636 [0]
9 636 [0]
99 636 [0]
177 636 [0]
0 637 [0]
1 637 [0]
4 637 [0]
8 637 [0]
10 637 [0]
22 637 [0]
29 637 [0]
32 637 [0]
77 637 [0]
1 638 [0]
2 638 [0]
4 638 [0]
6 638 [0]
7 638 [0]
12 638 [0]
20 638 [0]
119 638 [0]
332 638 [0]
1 639 [0]
2 639 [0]
6 639 [0]
8 639 [0]
22 639 [0]
99 639 [0]
179 639 [0]
356 639 [0]
417 639 [0]
2 640 [0]
8 640 [0]
10 640 [0]
14 640 [0]
16 640 [0]
38 640 [0]
56 640 [0]
87 640 [0]
131 640 [0]
1 641 [0]
2 641 [0]
4 641 [0]
6 641 [0]
8 641 [0]
9 641 [0]
12 641 [0]
47 641 [0]
151 641 [0]
0 642 [0]
2 642 [0]
3 642 [0]
6 642 [0]
7 642 [0]
8 642 [0]
11 642 [0]
126 642 [0]
586 642 [0]
1 643 [0]
2 643 [0]
5 643 [0]
8 643 [0]
27 643 [0]
53 643 [0]
82 643 [0]
189 643 [0]
621 643 [0]
0 644 [0]
1 644 [0]
6 644 [0]
8 644 [0]
10 644 [0]
22 644 [0]
66 644 [0]
197 644 [0]
201 644 [0]
2 645 [0]
7 645 [0]
9 645 [0]
20 645 [0]
109 645 [0]
141 645 [0]
233 645 [0]
318 645 [0]
427 645 [0]
1 646 [0]
2 646 [0]
6 646 [0]
8 646 [0]
9 646 [0]
10 646 [0]
22 646 [0]
152 646 [0]
283 646 [0]
0 647 [0]
1 647 [0]
5 647 [0]
6 647 [0]
7 647 [0]
9 647 [0]
10 647 [0]
69 647 [0]
276 647 [0]
0 648 [0]
2 648 [0]
5 648 [0]
6 648 [0]
8 648 [0]
22 648 [0]
29 648 [0]
42 648 [0]
211 648 [0]
1 649 [0]
4 649 [0]
5 649 [0]
6 649 [0]
7 649 [0]
8 649 [0]
9 649 [0]
12 649 [0]
83 649 [0]
8 650 [0]
9 650 [0]
11 650 [0]
23 650 [0]
79 650 [0]
80 650 [0]
100 650 [0]
114 650 [0]
266 650 [0]
2 651 [0]
3 651 [0]
4 651 [0]
5 651 [0]
6 651 [0]
8 651 [0]
9 651 [0]
36 651 [0]
200 651 [0]
1 652 [0]
4 652 [0]
6 652 [0]
10 652 [0]
22 652 [0]
148 652 [0]
196 652 [0]
444 652 [0]
486 652 [0]
1 653 [0]
2 653 [0]
3 653 [0]
5 653 [0]
7 653 [0]
8 653 [0]
33 653 [0]
93 653 [0]
288 653 [0]
0 654 [0]
1 654 [0]
5 654 [0]
8 654 [0]
13 654 [0]
16 654 [0]
50 654 [0]
64 654 [0]
155 654 [0]
2 655 [0]
8 655 [0]
10 655 [0]
14 655 [0]
16 655 [0]
27 655 [0]
28 655 [0]
35 655 [0]
503 655 [0]
0 656 [0]
1 656 [0]
2 656 [0]
5 656 [0]
7 656 [0]
8 656 [0]
9 656 [0]
25 656 [0]
324 656 [0]
0 657 [0]
1 657 [0]
2 657 [0]
4 657 [0]
5 657 [0]
6 657 [0]
8 657 [0]
22 657 [0]
29 657 [0]
2 658 [0]
4 658 [0]
6 658 [0]
7 658 [0]
8 658 [0]
36 658 [0]
48 658 [0]
90 658 [0]
253 658 [0]
1 659 [0]
2 659 [0]
5 659 [0]
10 659 [0]
16 659 [0]
27 659 [0]
35 659 [0]
53 659 [0]
528 659 [0]
0 660 [0]
2 660 [0]
3 660 [0]
4 660 [0]
6 660 [0]
8 660 [0]
11 660 [0]
126 660 [0]
327 660 [0]
2 661 [0]
5 661 [0]
7 661 [0]
8 661 [0]
10 661 [0]
25 661 [0]
105 661 [0]
149 661 [0]
601 661 [0]
0 662 [0]
2 662 [0]
3 662 [0]
6 662 [0]
7 662 [0]
9 662 [0]
23 662 [0]
259 662 [0]
560 662 [0]
0 663 [0]
1 663 [0]
5 663 [0]
6 663 [0]
22 663 [0]
29 663 [0]
85 663 [0]
209 663 [0]
495 663 [0]
1 664 [0]
2 664 [0]
4 664 [0]
7 664 [0]
9 664 [0]
12 664 [0]
20 664 [0]
45 664 [0]
553 664 [0]
0 665 [0]
2 665 [0]
5 665 [0]
6 665 [0]
8 665 [0]
42 665 [0]
85 665 [0]
211 665 [0]
557 665 [0]
0 666 [0]
5 666 [0]
10 666 [0]
13 666 [0]
16 666 [0]
76 666 [0]
103 666 [0]
344 666 [0]
524 666 [0]
0 667 [0]
1 667 [0]
2 667 [0]
5 667 [0]
8 667 [0]
14 667 [0]
16 667 [0]
17 667 [0]
198 667 [0]
0 668 [0]
1 668 [0]
5 668 [0]
6 668 [0]
7 668 [0]
8 668 [0]
9 668 [0]
10 668 [0]
70 668 [0]
7 669 [0]
8 669 [0]
11 669 [0]
23 669 [0]
79 669 [0]
80 669 [0]
100 669 [0]
114 669 [0]
266 669 [0]
2 670 [0]
4 670 [0]
6 670 [0]
7 670 [0]
8 670 [0]
36 670 [0]
48 670 [0]
90 670 [0]
147 670 [0]
0 671 [0]
1 671 [0]
2 671 [0]
5 671 [0]
10 671 [0]
14 671 [0]
16 671 [0]
27 671 [0]
28 671 [0]
0 672 [0]
1 672 [0]
2 672 [0]
4 672 [0]
5 672 [0]
9 672 [0]
22 672 [0]
60 672 [0]
500 672 [0]
1 673 [0]
4 673 [0]
5 673 [0]
7 673 [0]
8 673 [0]
9 673 [0]
10 673 [0]
21 673 [0]
26 673 [0]
2 674 [0]
3 674 [0]
5 674 [0]
7 674 [0]
8 674 [0]
33 674 [0]
51 674 [0]
341 674 [0]
410 674 [0]
1 675 [0]
4 675 [0]
5 675 [0]
8 675 [0]
9 675 [0]
49 675 [0]
68 675 [0]
115 675 [0]
310 675 [0]
0 676 [0]
1 676 [0]
4 676 [0]
5 676 [0]
8 676 [0]
22 676 [0]
32 676 [0]
41 676 [0]
171 676 [0]
3 677 [0]
6 677 [0]
7 677 [0]
8 677 [0]
36 677 [0]
48 677 [0]
219 677 [0]
317 677 [0]
384 677 [0]
0 678 [0]
1 678 [0]
5 678 [0]
6 678 [0]
8 678 [0]
10 678 [0]
22 678 [0]
29 678 [0]
197 678 [0]
0 679 [0]
8 679 [0]
10 679 [0]
28 679 [0]
38 679 [0]
56 679 [0]
128 679 [0]
256 679 [0]
565 679 [0]
0 680 [0]
1 680 [0]
4 680 [0]
5 680 [0]
7 680 [0]
8 680 [0]
10 680 [0]
43 680 [0]
203 680 [0]
0 681 [0]
10 681 [0]
13 681 [0]
14 681 [0]
16 681 [0]
27 681 [0]
76 681 [0]
103 681 [0]
344 681 [0]
6 682 [0]
8 682 [0]
11 682 [0]
23 682 [0]
79 682 [0]
80 682 [0]
100 682 [0]
114 682 [0]
172 682 [0]
2 683 [0]
5 683 [0]
10 683 [0]
16 683 [0]
27 683 [0]
35 683 [0]
53 683 [0]
528 683 [0]
659 683 [0]
4 684 [0]
6 684 [0]
7 684 [0]
8 684 [0]
9 684 [0]
10 684 [0]
121 684 [0]
130 684 [0]
166 684 [0]
2 685 [0]
5 685 [0]
27 685 [0]
75 685 [0]
98 685 [0]
158 685 [0]
229 685 [0]
533 685 [0]
566 685 [0]
5 686 [0]
9 686 [0]
10 686 [0]
22 686 [0]
39 686 [0]
112 686 [0]
181 686 [0]
222 686 [0]
247 686 [0]
1 687 [0]
2 687 [0]
7 687 [0]
9 687 [0]
10 687 [0]
12 687 [0]
20 687 [0]
284 687 [0]
530 687 [0]
1 688 [0]
5 688 [0]
8 688 [0]
10 688 [0]
12 688 [0]
83 688 [0]
101 688 [0]
215 688 [0]
463 688 [0]
0 689 [0]
1 689 [0]
2 689 [0]
4 689 [0]
7 689 [0]
8 689 [0]
9 689 [0]
25 689 [0]
324 689 [0]
0 690 [0]
1 690 [0]
2 690 [0]
3 690 [0]
4 690 [0]
5 690 [0]
7 690 [0]
8 690 [0]
9 690 [0]
3 691 [0]
6 691 [0]
7 691 [0]
8 691 [0]
36 691 [0]
48 691 [0]
317 691 [0]
384 691 [0]
677 691 [0]
4 692 [0]
6 692 [0]
7 692 [0]
8 692 [0]
9 692 [0]
80 692 [0]
100 692 [0]
190 692 [0]
282 692 [0]
1 693 [0]
2 693 [0]
8 693 [0]
16 693 [0]
27 693 [0]
35 693 [0]
53 693 [0]
82 693 [0]
377 693 [0]
0 694 [0]
1 694 [0]
2 694 [0]
3 694 [0]
5 694 [0]
8 694 [0]
9 694 [0]
51 694 [0]
107 694 [0]
1 695 [0]
2 695 [0]
6 695 [0]
7 695 [0]
8 695 [0]
15 695 [0]
30 695 [0]
212 695 [0]
340 695 [0]
0 696 [0]
8 696 [0]
10 696 [0]
14 696 [0]
38 696 [0]
56 696 [0]
135 696 [0]
256 696 [0]
305 696 [0]
0 697 [0]
1 697 [0]
2 697 [0]
4 697 [0]
7 697 [0]
8 697 [0]
9 697 [0]
19 697 [0]
350 697 [0]
2 698 [0]
3 698 [0]
4 698 [0]
6 698 [0]
7 698 [0]
8 698 [0]
36 698 [0]
48 698 [0]
147 698 [0]
0 699 [0]
1 699 [0]
2 699 [0]
5 699 [0]
8 699 [0]
10 699 [0]
14 699 [0]
17 699 [0]
198 699 [0]
0 700 [0]
5 700 [0]
10 700 [0]
13 700 [0]
14 700 [0]
27 700 [0]
76 700 [0]
103 700 [0]
353 700 [0]
1 701 [0]
2 701 [0]
4 701 [0]
7 701 [0]
8 701 [0]
9 701 [0]
12 701 [0]
151 701 [0]
164 701 [0]
0 702 [0]
2 702 [0]
8 702 [0]
10 702 [0]
14 702 [0]
16 702 [0]
38 702 [0]
56 702 [0]
87 702 [0]
2 703 [0]
7 703 [0]
8 703 [0]
10 703 [0]
25 703 [0]
105 703 [0]
149 703 [0]
601 703 [0]
661 703 [0]
0 704 [0]
1 704 [0]
2 704 [0]
6 704 [0]
22 704 [0]
29 704 [0]
42 704 [0]
85 704 [0]
209 704 [0]
4 705 [0]
7 705 [0]
8 705 [0]
9 705 [0]
18 705 [0]
137 705 [0]
232 705 [0]
268 705 [0]
296 705 [0]
2 706 [0]
7 706 [0]
9 706 [0]
10 706 [0]
12 706 [0]
20 706 [0]
45 706 [0]
109 706 [0]
141 706 [0]
2 707 [0]
4 707 [0]
5 707 [0]
6 707 [0]
7 707 [0]
11 707 [0]
36 707 [0]
255 707 [0]
363 707 [0]
0 708 [0]
1 708 [0]
2 708 [0]
3 708 [0]
4 708 [0]
7 708 [0]
9 708 [0]
525 708 [0]
548 708 [0]
0 709 [0]
1 709 [0]
6 709 [0]
7 709 [0]
8 709 [0]
9 709 [0]
21 709 [0]
69 709 [0]
73 709 [0]
2 710 [0]
6 710 [0]
10 710 [0]
12 710 [0]
20 710 [0]
106 710 [0]
178 710 [0]
383 710 [0]
570 710 [0]
3 711 [0]
4 711 [0]
6 711 [0]
7 711 [0]
8 711 [0]
36 711 [0]
90 711 [0]
147 711 [0]
159 711 [0]
0 712 [0]
2 712 [0]
8 712 [0]
10 712 [0]
14 712 [0]
16 712 [0]
38 712 [0]
129 712 [0]
272 712 [0]
0 713 [0]
1 713 [0]
2 713 [0]
5 713 [0]
8 713 [0]
25 713 [0]
54 713 [0]
192 713 [0]
382 713 [0]
0 714 [0]
2 714 [0]
3 714 [0]
5 714 [0]
7 714 [0]
33 714 [0]
51 714 [0]
93 714 [0]
407 714 [0]
1 715 [0]
2 715 [0]
5 715 [0]
6 715 [0]
7 715 [0]
8 715 [0]
9 715 [0]
10 715 [0]
13 715 [0]
2 716 [0]
5 716 [0]
8 716 [0]
16 716 [0]
27 716 [0]
50 716 [0]
75 716 [0]
86 716 [0]
98 716 [0]
0 717 [0]
1 717 [0]
5 717 [0]
6 717 [0]
7 717 [0]
8 717 [0]
9 717 [0]
69 717 [0]
70 717 [0]
0 718 [0]
2 718 [0]
3 718 [0]
5 718 [0]
9 718 [0]
51 718 [0]
297 718 [0]
581 718 [0]
597 718 [0]
2 719 [0]
4 719 [0]
6 719 [0]
7 719 [0]
12 719 [0]
20 719 [0]
45 719 [0]
277 719 [0]
605 719 [0]
0 720 [0]
2 720 [0]
5 720 [0]
6 720 [0]
8 720 [0]
85 720 [0]
211 720 [0]
557 720 [0]
665 720 [0]
1 721 [0]
4 721 [0]
6 721 [0]
7 721 [0]
8 721 [0]
9 721 [0]
15 721 [0]
18 721 [0]
137 721 [0]
1 722 [0]
4 722 [0]
6 722 [0]
7 722 [0]
21 722 [0]
49 722 [0]
199 722 [0]
263 722 [0]
596 722 [0]
0 723 [0]
8 723 [0]
10 723 [0]
28 723 [0]
38 723 [0]
56 723 [0]
128 723 [0]
256 723 [0]
679 723 [0]
0 724 [0]
2 724 [0]
8 724 [0]
10 724 [0]
14 724 [0]
16 724 [0]
27 724 [0]
56 724 [0]
87 724 [0]
2 725 [0]
4 725 [0]
6 725 [0]
7 725 [0]
8 725 [0]
11 725 [0]
36 725 [0]
255 725 [0]
458 725 [0]
1 726 [0]
5 726 [0]
8 726 [0]
27 726 [0]
28 726 [0]
35 726 [0]
53 726 [0]
82 726 [0]
431 726 [0]
1 727 [0]
5 727 [0]
7 727 [0]
8 727 [0]
9 727 [0]
51 727 [0]
107 727 [0]
361 727 [0]
483 727 [0]
0 728 [0]
1 728 [0]
4 728 [0]
5 728 [0]
6 728 [0]
8 728 [0]
9 728 [0]
10 728 [0]
39 728 [0]
0 729 [0]
1 729 [0]
4 729 [0]
5 729 [0]
6 729 [0]
8 729 [0]
10 729 [0]
22 729 [0]
39 729 [0]
2 730 [0]
7 730 [0]
8 730 [0]
10 730 [0]
25 730 [0]
105 730 [0]
601 730 [0]
661 730 [0]
703 730 [0]
4 731 [0]
6 731 [0]
7 731 [0]
8 731 [0]
9 731 [0]
23 731 [0]
79 731 [0]
80 731 [0]
291 731 [0]
0 732 [0]
1 732 [0]
5 732 [0]
8 732 [0]
10 732 [0]
13 732 [0]
14 732 [0]
27 732 [0]
290 732 [0]
0 733 [0]
1 733 [0]
2 733 [0]
4 733 [0]
9 733 [0]
22 733 [0]
60 733 [0]
500 733 [0]
672 733 [0]
0 734 [0]
1 734 [0]
2 734 [0]
6 734 [0]
22 734 [0]
29 734 [0]
85 734 [0]
209 734 [0]
704 734 [0]
4 735 [0]
7 735 [0]
8 735 [0]
9 735 [0]
11 735 [0]
80 735 [0]
100 735 [0]
190 735 [0]
282 735 [0]
0 736 [0]
1 736 [0]
2 736 [0]
4 736 [0]
8 736 [0]
9 736 [0]
99 736 [0]
177 736 [0]
191 736 [0]
2 737 [0]
8 737 [0]
10 737 [0]
14 737 [0]
16 737 [0]
27 737 [0]
28 737 [0]
503 737 [0]
655 737 [0]
1 738 [0]
4 738 [0]
5 738 [0]
6 738 [0]
8 738 [0]
21 738 [0]
294 738 [0]
359 738 [0]
367 738 [0]
0 739 [0]
1 739 [0]
2 739 [0]
5 739 [0]
7 739 [0]
10 739 [0]
13 739 [0]
157 739 [0]
378 739 [0]
1 740 [0]
4 740 [0]
6 740 [0]
9 740 [0]
10 740 [0]
12 740 [0]
83 740 [0]
121 740 [0]
616 740 [0]
1 741 [0]
4 741 [0]
5 741 [0]
7 741 [0]
8 741 [0]
9 741 [0]
10 741 [0]
21 741 [0]
26 741 [0]
0 742 [0]
5 742 [0]
8 742 [0]
16 742 [0]
50 742 [0]
98 742 [0]
102 742 [0]
227 742 [0]
614 742 [0]
0 743 [0]
4 743 [0]
5 743 [0]
9 743 [0]
10 743 [0]
25 743 [0]
34 743 [0]
238 743 [0]
393 743 [0]
2 744 [0]
7 744 [0]
9 744 [0]
10 744 [0]
20 744 [0]
109 744 [0]
141 744 [0]
233 744 [0]
437 744 [0]
0 745 [0]
4 745 [0]
5 745 [0]
9 745 [0]
10 745 [0]
25 745 [0]
34 745 [0]
238 745 [0]
304 745 [0]
2 746 [0]
4 746 [0]
6 746 [0]
7 746 [0]
9 746 [0]
10 746 [0]
20 746 [0]
45 746 [0]
109 746 [0]
0 747 [0]
1 747 [0]
5 747 [0]
8 747 [0]
9 747 [0]
10 747 [0]
69 747 [0]
70 747 [0]
582 747 [0]
0 748 [0]
2 748 [0]
4 748 [0]
5 748 [0]
6 748 [0]
10 748 [0]
44 748 [0]
94 748 [0]
550 748 [0]
2 749 [0]
4 749 [0]
6 749 [0]
7 749 [0]
8 749 [0]
11 749 [0]
255 749 [0]
458 749 [0]
725 749 [0]
0 750 [0]
1 750 [0]
2 750 [0]
5 750 [0]
8 750 [0]
10 750 [0]
16 750 [0]
28 750 [0]
354 750 [0]
0 751 [0]
1 751 [0]
2 751 [0]
8 751 [0]
16 751 [0]
50 751 [0]
64 751 [0]
75 751 [0]
627 751 [0]
1 752 [0]
2 752 [0]
5 752 [0]
8 752 [0]
16 752 [0]
27 752 [0]
28 752 [0]
53 752 [0]
82 752 [0]
1 753 [0]
2 753 [0]
4 753 [0]
5 753 [0]
6 753 [0]
8 753 [0]
10 753 [0]
44 753 [0]
94 753 [0]
0 754 [0]
2 754 [0]
3 754 [0]
6 754 [0]
9 754 [0]
23 754 [0]
174 754 [0]
221 754 [0]
459 754 [0]
1 755 [0]
2 755 [0]
5 755 [0]
8 755 [0]
16 755 [0]
27 755 [0]
64 755 [0]
104 755 [0]
264 755 [0]
2 756 [0]
3 756 [0]
4 756 [0]
5 756 [0]
6 756 [0]
8 756 [0]
9 756 [0]
36 756 [0]
48 756 [0]
0 757 [0]
5 757 [0]
10 757 [0]
13 757 [0]
14 757 [0]
27 757 [0]
76 757 [0]
344 757 [0]
478 757 [0]
2 758 [0]
5 758 [0]
8 758 [0]
16 758 [0]
27 758 [0]
28 758 [0]
53 758 [0]
82 758 [0]
189 758 [0]
0 759 [0]
2 759 [0]
3 759 [0]
5 759 [0]
9 759 [0]
33 759 [0]
51 759 [0]
581 759 [0]
597 759 [0]
2 760 [0]
8 760 [0]
10 760 [0]
16 760 [0]
38 760 [0]
129 760 [0]
272 760 [0]
343 760 [0]
508 760 [0]
0 761 [0]
2 761 [0]
6 761 [0]
8 761 [0]
22 761 [0]
29 761 [0]
42 761 [0]
85 761 [0]
211 761 [0]
0 762 [0]
1 762 [0]
2 762 [0]
3 762 [0]
5 762 [0]
7 762 [0]
8 762 [0]
51 762 [0]
93 762 [0]
2 763 [0]
4 763 [0]
7 763 [0]
9 763 [0]
10 763 [0]
12 763 [0]
20 763 [0]
45 763 [0]
109 763 [0]
1 764 [0]
2 764 [0]
6 764 [0]
8 764 [0]
9 764 [0]
22 764 [0]
99 764 [0]
179 764 [0]
480 764 [0]
0 765 [0]
1 765 [0]
5 765 [0]
7 765 [0]
8 765 [0]
9 765 [0]
10 765 [0]
69 765 [0]
582 765 [0]
2 766 [0]
3 766 [0]
4 766 [0]
8 766 [0]
36 766 [0]
48 766 [0]
90 766 [0]
147 766 [0]
592 766 [0]
0 767 [0]
2 767 [0]
8 767 [0]
16 767 [0]
27 767 [0]
28 767 [0]
38 767 [0]
56 767 [0]
136 767 [0]
0 768 [0]
2 768 [0]
5 768 [0]
8 768 [0]
16 768 [0]
27 768 [0]
50 768 [0]
86 768 [0]
98 768 [0]
1 769 [0]
2 769 [0]
4 769 [0]
8 769 [0]
9 769 [0]
22 769 [0]
99 769 [0]
179 769 [0]
507 769 [0]
0 770 [0]
1 770 [0]
4 770 [0]
5 770 [0]
7 770 [0]
8 770 [0]
9 770 [0]
49 770 [0]
68 770 [0]
0 771 [0]
1 771 [0]
2 771 [0]
4 771 [0]
5 771 [0]
6 771 [0]
9 771 [0]
22 771 [0]
60 771 [0]
0 772 [0]
1 772 [0]
4 772 [0]
7 772 [0]
8 772 [0]
10 772 [0]
21 772 [0]
26 772 [0]
43 772 [0]
2 773 [0]
4 773 [0]
5 773 [0]
7 773 [0]
8 773 [0]
9 773 [0]
11 773 [0]
36 773 [0]
593 773 [0]
1 774 [0]
2 774 [0]
3 774 [0]
5 774 [0]
8 774 [0]
9 774 [0]
51 774 [0]
107 774 [0]
361 774 [0]
4 775 [0]
6 775 [0]
7 775 [0]
12 775 [0]
20 775 [0]
45 775 [0]
277 775 [0]
605 775 [0]
719 775 [0]
1 776 [0]
5 776 [0]
8 776 [0]
13 776 [0]
16 776 [0]
27 776 [0]
50 776 [0]
64 776 [0]
595 776 [0]
2 777 [0]
6 777 [0]
10 777 [0]
20 777 [0]
106 777 [0]
178 777 [0]
383 777 [0]
570 777 [0]
710 777 [0]
2 778 [0]
4 778 [0]
5 778 [0]
6 778 [0]
8 778 [0]
9 778 [0]
36 778 [0]
48 778 [0]
578 778 [0]
6 779 [0]
7 779 [0]
8 779 [0]
11 779 [0]
23 779 [0]
79 779 [0]
80 779 [0]
100 779 [0]
114 779 [0]
6 780 [0]
7 780 [0]
9 780 [0]
10 780 [0]
21 780 [0]
69 780 [0]
73 780 [0]
185 780 [0]
452 780 [0]
1 781 [0]
2 781 [0]
5 781 [0]
8 781 [0]
10 781 [0]
14 781 [0]
24 781 [0]
386 781 [0]
450 781 [0]
2 782 [0]
3 782 [0]
4 782 [0]
5 782 [0]
6 782 [0]
8 782 [0]
36 782 [0]
200 782 [0]
651 782 [0]
1 783 [0]
2 783 [0]
4 783 [0]
6 783 [0]
8 783 [0]
9 783 [0]
22 783 [0]
122 783 [0]
281 783 [0]
2 784 [0]
9 784 [0]
20 784 [0]
109 784 [0]
141 784 [0]
233 784 [0]
318 784 [0]
427 784 [0]
645 784 [0]
0 785 [0]
1 785 [0]
2 785 [0]
8 785 [0]
13 785 [0]
16 785 [0]
27 785 [0]
176 785 [0]
299 785 [0]
1 786 [0]
2 786 [0]
4 786 [0]
6 786 [0]
9 786 [0]
88 786 [0]
122 786 [0]
281 786 [0]
532 786 [0]
0 787 [0]
1 787 [0]
6 787 [0]
8 787 [0]
10 787 [0]
22 787 [0]
197 787 [0]
201 787 [0]
644 787 [0]
0 788 [0]
1 788 [0]
4 788 [0]
5 788 [0]
8 788 [0]
10 788 [0]
21 788 [0]
203 788 [0]
412 788 [0]
3 789 [0]
6 789 [0]
7 789 [0]
8 789 [0]
36 789 [0]
48 789 [0]
317 789 [0]
677 789 [0]
691 789 [0]
0 790 [0]
2 790 [0]
8 790 [0]
10 790 [0]
14 790 [0]
38 790 [0]
56 790 [0]
87 790 [0]
129 790 [0]
0 791 [0]
5 791 [0]
8 791 [0]
16 791 [0]
27 791 [0]
50 791 [0]
75 791 [0]
86 791 [0]
325 791 [0]
0 792 [0]
2 792 [0]
3 792 [0]
4 792 [0]
5 792 [0]
6 792 [0]
7 792 [0]
9 792 [0]
11 792 [0]
1 793 [0]
2 793 [0]
6 793 [0]
8 793 [0]
9 793 [0]
22 793 [0]
99 793 [0]
356 793 [0]
480 793 [0]
6 794 [0]
7 794 [0]
9 794 [0]
20 794 [0]
109 794 [0]
141 794 [0]
233 794 [0]
318 794 [0]
427 794 [0]
0 795 [0]
1 795 [0]
2 795 [0]
4 795 [0]
5 795 [0]
6 795 [0]
9 795 [0]
10 795 [0]
22 795 [0]
2 796 [0]
4 796 [0]
5 796 [0]
6 796 [0]
7 796 [0]
9 796 [0]
11 796 [0]
36 796 [0]
216 796 [0]
0 797 [0]
1 797 [0]
2 797 [0]
4 797 [0]
5 797 [0]
6 797 [0]
7 797 [0]
10 797 [0]
371 797 [0]
0 798 [0]
1 798 [0]
2 798 [0]
5 798 [0]
6 798 [0]
9 798 [0]
22 798 [0]
60 798 [0]
771 798 [0]
0 799 [0]
1 799 [0]
5 799 [0]
8 799 [0]
10 799 [0]
22 799 [0]
32 799 [0]
41 799 [0]
171 799 [0]
0 800 [0]
1 800 [0]
5 800 [0]
7 800 [0]
8 800 [0]
9 800 [0]
49 800 [0]
68 800 [0]
770 800 [0]
1 801 [0]
3 801 [0]
4 801 [0]
7 801 [0]
8 801 [0]
9 801 [0]
19 801 [0]
89 801 [0]
95 801 [0]
1 802 [0]
4 802 [0]
6 802 [0]
7 802 [0]
9 802 [0]
21 802 [0]
199 802 [0]
263 802 [0]
348 802 [0]
6 803 [0]
7 803 [0]
20 803 [0]
109 803 [0]
141 803 [0]
233 803 [0]
318 803 [0]
427 803 [0]
794 803 [0]
1 804 [0]
2 804 [0]
6 804 [0]
7 804 [0]
20 804 [0]
106 804 [0]
119 804 [0]
165 804 [0]
473 804 [0]
2 805 [0]
4 805 [0]
7 805 [0]
9 805 [0]
10 805 [0]
20 805 [0]
45 805 [0]
109 805 [0]
763 805 [0]
0 806 [0]
8 806 [0]
10 806 [0]
28 806 [0]
38 806 [0]
56 806 [0]
128 806 [0]
256 806 [0]
679 806 [0]
1 807 [0]
2 807 [0]
6 807 [0]
7 807 [0]
9 807 [0]
10 807 [0]
12 807 [0]
20 807 [0]
530 807 [0]
1 808 [0]
2 808 [0]
5 808 [0]
6 808 [0]
8 808 [0]
9 808 [0]
10 808 [0]
13 808 [0]
715 808 [0]
2 809 [0]
6 809 [0]
7 809 [0]
10 809 [0]
20 809 [0]
109 809 [0]
141 809 [0]
233 809 [0]
469 809 [0]
0 810 [0]
2 810 [0]
8 810 [0]
14 810 [0]
16 810 [0]
27 810 [0]
28 810 [0]
56 810 [0]
186 810 [0]
0 811 [0]
1 811 [0]
2 811 [0]
3 811 [0]
5 811 [0]
7 811 [0]
33 811 [0]
51 811 [0]
173 811 [0]
0 812 [0]
1 812 [0]
2 812 [0]
4 812 [0]
6 812 [0]
8 812 [0]
10 812 [0]
22 812 [0]
351 812 [0]
0 813 [0]
3 813 [0]
5 813 [0]
7 813 [0]
33 813 [0]
51 813 [0]
93 813 [0]
407 813 [0]
714 813 [0]
0 814 [0]
4 814 [0]
5 814 [0]
6 814 [0]
9 814 [0]
10 814 [0]
22 814 [0]
39 814 [0]
181 814 [0]
1 815 [0]
4 815 [0]
6 815 [0]
7 815 [0]
8 815 [0]
9 815 [0]
10 815 [0]
21 815 [0]
195 815 [0]
6 816 [0]
7 816 [0]
8 816 [0]
9 816 [0]
11 816 [0]
23 816 [0]
79 816 [0]
80 816 [0]
114 816 [0]
0 817 [0]
1 817 [0]
7 817 [0]
8 817 [0]
9 817 [0]
10 817 [0]
69 817 [0]
73 817 [0]
275 817 [0]
4 818 [0]
7 818 [0]
8 818 [0]
79 818 [0]
100 818 [0]
113 818 [0]
188 818 [0]
267 818 [0]
357 818 [0]
1 819 [0]
4 819 [0]
6 819 [0]
7 819 [0]
8 819 [0]
10 819 [0]
121 819 [0]
130 819 [0]
166 819 [0]
4 820 [0]
7 820 [0]
8 820 [0]
9 820 [0]
11 820 [0]
80 820 [0]
100 820 [0]
282 820 [0]
735 820 [0]
0 821 [0]
1 821 [0]
2 821 [0]
6 821 [0]
154 821 [0]
295 821 [0]
403 821 [0]
423 821 [0]
562 821 [0]
1 822 [0]
2 822 [0]
8 822 [0]
10 822 [0]
16 822 [0]
27 822 [0]
28 822 [0]
35 822 [0]
53 822 [0]
1 823 [0]
2 823 [0]
4 823 [0]
6 823 [0]
8 823 [0]
9 823 [0]
47 823 [0]
151 823 [0]
641 823 [0]
0 824 [0]
1 824 [0]
2 824 [0]
7 824 [0]
8 824 [0]
9 824 [0]
25 824 [0]
324 824 [0]
689 824 [0]
4 825 [0]
7 825 [0]
8 825 [0]
23 825 [0]
79 825 [0]
100 825 [0]
113 825 [0]
357 825 [0]
522 825 [0]
2 826 [0]
4 826 [0]
5 826 [0]
7 826 [0]
8 826 [0]
10 826 [0]
25 826 [0]
105 826 [0]
149 826 [0]
0 827 [0]
2 827 [0]
14 827 [0]
16 827 [0]
27 827 [0]
28 827 [0]
38 827 [0]
56 827 [0]
186 827 [0]
1 828 [0]
2 828 [0]
4 828 [0]
6 828 [0]
8 828 [0]
9 828 [0]
22 828 [0]
179 828 [0]
356 828 [0]
1 829 [0]
2 829 [0]
3 829 [0]
8 829 [0]
9 829 [0]
51 829 [0]
107 829 [0]
361 829 [0]
774 829 [0]
0 830 [0]
2 830 [0]
8 830 [0]
14 830 [0]
16 830 [0]
27 830 [0]
56 830 [0]
186 830 [0]
810 830 [0]
0 831 [0]
1 831 [0]
7 831 [0]
10 831 [0]
21 831 [0]
43 831 [0]
203 831 [0]
248 831 [0]
465 831 [0]
0 832 [0]
8 832 [0]
10 832 [0]
14 832 [0]
16 832 [0]
27 832 [0]
38 832 [0]
56 832 [0]
243 832 [0]
4 833 [0]
5 833 [0]
6 833 [0]
8 833 [0]
9 833 [0]
10 833 [0]
21 833 [0]
359 833 [0]
474 833 [0]
4 834 [0]
7 834 [0]
8 834 [0]
79 834 [0]
100 834 [0]
188 834 [0]
267 834 [0]
357 834 [0]
818 834 [0]
0 835 [0]
1 835 [0]
2 835 [0]
5 835 [0]
8 835 [0]
13 835 [0]
16 835 [0]
299 835 [0]
389 835 [0]
0 836 [0]
2 836 [0]
6 836 [0]
22 836 [0]
29 836 [0]
85 836 [0]
209 836 [0]
704 836 [0]
734 836 [0]
0 837 [0]
2 837 [0]
3 837 [0]
5 837 [0]
7 837 [0]
8 837 [0]
51 837 [0]
93 837 [0]
762 837 [0]
0 838 [0]
1 838 [0]
4 838 [0]
5 838 [0]
6 838 [0]
9 838 [0]
22 838 [0]
39 838 [0]
92 838 [0]
2 839 [0]
6 839 [0]
20 839 [0]
45 839 [0]
109 839 [0]
233 839 [0]
318 839 [0]
334 839 [0]
411 839 [0]
0 840 [0]
1 840 [0]
4 840 [0]
9 840 [0]
22 840 [0]
60 840 [0]
500 840 [0]
672 840 [0]
733 840 [0]
4 841 [0]
5 841 [0]
7 841 [0]
8 841 [0]
10 841 [0]
12 841 [0]
83 841 [0]
101 841 [0]
215 841 [0]
2 842 [0]
3 842 [0]
5 842 [0]
9 842 [0]
33 842 [0]
51 842 [0]
297 842 [0]
581 842 [0]
597 842 [0]
0 843 [0]
2 843 [0]
5 843 [0]
7 843 [0]
10 843 [0]
25 843 [0]
34 843 [0]
105 843 [0]
287 843 [0]
1 844 [0]
2 844 [0]
3 844 [0]
8 844 [0]
9 844 [0]
51 844 [0]
107 844 [0]
774 844 [0]
829 844 [0]
2 845 [0]
8 845 [0]
10 845 [0]
16 845 [0]
27 845 [0]
28 845 [0]
35 845 [0]
53 845 [0]
822 845 [0]
6 846 [0]
7 846 [0]
8 846 [0]
9 846 [0]
11 846 [0]
23 846 [0]
79 846 [0]
100 846 [0]
114 846 [0]
0 847 [0]
13 847 [0]
16 847 [0]
27 847 [0]
50 847 [0]
64 847 [0]
91 847 [0]
204 847 [0]
521 847 [0]
1 848 [0]
4 848 [0]
6 848 [0]
7 848 [0]
9 848 [0]
10 848 [0]
12 848 [0]
83 848 [0]
121 848 [0]
1 849 [0]
4 849 [0]
5 849 [0]
6 849 [0]
9 849 [0]
10 849 [0]
39 849 [0]
97 849 [0]
111 849 [0]
0 850 [0]
1 850 [0]
4 850 [0]
5 850 [0]
6 850 [0]
7 850 [0]
8 850 [0]
21 850 [0]
49 850 [0]
4 851 [0]
6 851 [0]
7 851 [0]
8 851 [0]
10 851 [0]
121 851 [0]
130 851 [0]
166 851 [0]
684 851 [0]
2 852 [0]
4 852 [0]
6 852 [0]
9 852 [0]
12 852 [0]
20 852 [0]
45 852 [0]
277 852 [0]
605 852 [0]
0 853 [0]
5 853 [0]
8 853 [0]
22 853 [0]
29 853 [0]
42 853 [0]
85 853 [0]
211 853 [0]
231 853 [0]
0 854 [0]
1 854 [0]
4 854 [0]
5 854 [0]
7 854 [0]
10 854 [0]
21 854 [0]
43 854 [0]
230 854 [0]
0 855 [0]
2 855 [0]
4 855 [0]
9 855 [0]
22 855 [0]
60 855 [0]
500 855 [0]
672 855 [0]
733 855 [0]
1 856 [0]
4 856 [0]
5 856 [0]
6 856 [0]
8 856 [0]
22 856 [0]
29 856 [0]
32 856 [0]
464 856 [0]
2 857 [0]
4 857 [0]
5 857 [0]
6 857 [0]
7 857 [0]
11 857 [0]
36 857 [0]
216 857 [0]
255 857 [0]
2 858 [0]
6 858 [0]
7 858 [0]
10 858 [0]
109 858 [0]
141 858 [0]
233 858 [0]
469 858 [0]
626 858 [0]
0 859 [0]
2 859 [0]
8 859 [0]
14 859 [0]
16 859 [0]
38 859 [0]
129 859 [0]
272 859 [0]
343 859 [0]
0 860 [0]
2 860 [0]
6 860 [0]
7 860 [0]
8 860 [0]
126 860 [0]
327 860 [0]
432 860 [0]
497 860 [0]
0 861 [0]
5 861 [0]
8 861 [0]
16 861 [0]
27 861 [0]
50 861 [0]
98 861 [0]
102 861 [0]
161 861 [0]
1 862 [0]
2 862 [0]
5 862 [0]
6 862 [0]
8 862 [0]
9 862 [0]
10 862 [0]
15 862 [0]
30 862 [0]
4 863 [0]
7 863 [0]
8 863 [0]
23 863 [0]
79 863 [0]
100 863 [0]
113 863 [0]
421 863 [0]
540 863 [0]
2 864 [0]
8 864 [0]
10 864 [0]
14 864 [0]
16 864 [0]
27 864 [0]
28 864 [0]
655 864 [0]
737 864 [0]
0 865 [0]
2 865 [0]
8 865 [0]
10 865 [0]
16 865 [0]
27 865 [0]
38 865 [0]
87 865 [0]
358 865 [0]
1 866 [0]
4 866 [0]
6 866 [0]
7 866 [0]
10 866 [0]
12 866 [0]
20 866 [0]
45 866 [0]
106 866 [0]
1 867 [0]
2 867 [0]
4 867 [0]
5 867 [0]
7 867 [0]
8 867 [0]
12 867 [0]
31 867 [0]
552 867 [0]
1 868 [0]
4 868 [0]
6 868 [0]
7 868 [0]
8 868 [0]
9 868 [0]
15 868 [0]
18 868 [0]
232 868 [0]
1 869 [0]
2 869 [0]
8 869 [0]
10 869 [0]
14 869 [0]
24 869 [0]
386 869 [0]
450 869 [0]
781 869 [0]
1 870 [0]
4 870 [0]
6 870 [0]
7 870 [0]
8 870 [0]
9 870 [0]
12 870 [0]
47 870 [0]
559 870 [0]
7 871 [0]
8 871 [0]
9 871 [0]
23 871 [0]
79 871 [0]
80 871 [0]
100 871 [0]
114 871 [0]
266 871 [0]
2 872 [0]
4 872 [0]
5 872 [0]
6 872 [0]
7 872 [0]
8 872 [0]
11 872 [0]
36 872 [0]
216 872 [0]
2 873 [0]
8 873 [0]
10 873 [0]
16 873 [0]
27 873 [0]
28 873 [0]
35 873 [0]
53 873 [0]
845 873 [0]
0 874 [0]
7 874 [0]
9 874 [0]
10 874 [0]
21 874 [0]
69 874 [0]
73 874 [0]
132 874 [0]
185 874 [0]
1 875 [0]
5 875 [0]
6 875 [0]
7 875 [0]
8 875 [0]
9 875 [0]
10 875 [0]
12 875 [0]
83 875 [0]
0 876 [0]
1 876 [0]
2 876 [0]
8 876 [0]
10 876 [0]
14 876 [0]
16 876 [0]
27 876 [0]
28 876 [0]
0 877 [0]
2 877 [0]
8 877 [0]
9 877 [0]
10 877 [0]
13 877 [0]
14 877 [0]
16 877 [0]
40 877 [0]
0 878 [0]
1 878 [0]
6 878 [0]
8 878 [0]
22 878 [0]
66 878 [0]
197 878 [0]
201 878 [0]
644 878 [0]
1 879 [0]
4 879 [0]
6 879 [0]
7 879 [0]
8 879 [0]
9 879 [0]
83 879 [0]
121 879 [0]
130 879 [0]
7 880 [0]
20 880 [0]
109 880 [0]
141 880 [0]
233 880 [0]
318 880 [0]
427 880 [0]
794 880 [0]
803 880 [0]
0 881 [0]
2 881 [0]
3 881 [0]
4 881 [0]
6 881 [0]
11 881 [0]
126 881 [0]
327 881 [0]
613 881 [0]
0 882 [0]
8 882 [0]
10 882 [0]
28 882 [0]
38 882 [0]
128 882 [0]
135 882 [0]
256 882 [0]
565 882 [0]
1 883 [0]
2 883 [0]
4 883 [0]
5 883 [0]
6 883 [0]
7 883 [0]
8 883 [0]
12 883 [0]
31 883 [0]
2 884 [0]
4 884 [0]
7 884 [0]
9 884 [0]
25 884 [0]
34 884 [0]
84 884 [0]
184 884 [0]
391 884 [0]
0 885 [0]
2 885 [0]
5 885 [0]
8 885 [0]
13 885 [0]
16 885 [0]
27 885 [0]
176 885 [0]
299 885 [0]
0 886 [0]
8 886 [0]
14 886 [0]
27 886 [0]
28 886 [0]
38 886 [0]
56 886 [0]
265 886 [0]
538 886 [0]
10 887 [0]
14 887 [0]
16 887 [0]
38 887 [0]
56 887 [0]
87 887 [0]
129 887 [0]
131 887 [0]
571 887 [0]
4 888 [0]
6 888 [0]
7 888 [0]
8 888 [0]
9 888 [0]
11 888 [0]
79 888 [0]
80 888 [0]
190 888 [0]
1 889 [0]
4 889 [0]
6 889 [0]
7 889 [0]
8 889 [0]
18 889 [0]
137 889 [0]
232 889 [0]
558 889 [0]
2 890 [0]
8 890 [0]
14 890 [0]
16 890 [0]
38 890 [0]
56 890 [0]
129 890 [0]
131 890 [0]
225 890 [0]
1 891 [0]
2 891 [0]
5 891 [0]
6 891 [0]
8 891 [0]
9 891 [0]
10 891 [0]
13 891 [0]
715 891 [0]
0 892 [0]
10 892 [0]
14 892 [0]
38 892 [0]
56 892 [0]
128 892 [0]
305 892 [0]
556 892 [0]
585 892 [0]
0 893 [0]
1 893 [0]
8 893 [0]
16 893 [0]
27 893 [0]
50 893 [0]
64 893 [0]
75 893 [0]
477 893 [0]
0 894 [0]
2 894 [0]
4 894 [0]
6 894 [0]
7 894 [0]
126 894 [0]
327 894 [0]
432 894 [0]
497 894 [0]
4 895 [0]
7 895 [0]
8 895 [0]
100 895 [0]
188 895 [0]
267 895 [0]
357 895 [0]
818 895 [0]
834 895 [0]
0 896 [0]
1 896 [0]
2 896 [0]
5 896 [0]
8 896 [0]
10 896 [0]
25 896 [0]
54 896 [0]
192 896 [0]
0 897 [0]
1 897 [0]
2 897 [0]
3 897 [0]
5 897 [0]
33 897 [0]
51 897 [0]
93 897 [0]
407 897 [0]
1 898 [0]
2 898 [0]
6 898 [0]
7 898 [0]
9 898 [0]
10 898 [0]
12 898 [0]
20 898 [0]
45 898 [0]
5 899 [0]
6 899 [0]
7 899 [0]
8 899 [0]
9 899 [0]
10 899 [0]
15 899 [0]
30 899 [0]
213 899 [0]
1 900 [0]
4 900 [0]
5 900 [0]
8 900 [0]
9 900 [0]
10 900 [0]
22 900 [0]
39 900 [0]
352 900 [0]
0 901 [0]
1 901 [0]
8 901 [0]
9 901 [0]
10 901 [0]
13 901 [0]
14 901 [0]
24 901 [0]
355 901 [0]
0 902 [0]
2 902 [0]
8 902 [0]
16 902 [0]
38 902 [0]
129 902 [0]
272 902 [0]
343 902 [0]
491 902 [0]
0 903 [0]
1 903 [0]
2 903 [0]
5 903 [0]
8 903 [0]
10 903 [0]
14 903 [0]
27 903 [0]
290 903 [0]
0 904 [0]
1 904 [0]
5 904 [0]
8 904 [0]
9 904 [0]
14 904 [0]
16 904 [0]
17 904 [0]
59 904 [0]
1 905 [0]
2 905 [0]
6 905 [0]
8 905 [0]
22 905 [0]
99 905 [0]
179 905 [0]
356 905 [0]
480 905 [0]
1 906 [0]
4 906 [0]
7 906 [0]
8 906 [0]
18 906 [0]
137 906 [0]
232 906 [0]
558 906 [0]
889 906 [0]
6 907 [0]
7 907 [0]
9 907 [0]
21 907 [0]
69 907 [0]
73 907 [0]
185 907 [0]
452 907 [0]
780 907 [0]
0 908 [0]
2 908 [0]
3 908 [0]
5 908 [0]
9 908 [0]
51 908 [0]
297 908 [0]
597 908 [0]
718 908 [0]
1 909 [0]
2 909 [0]
5 909 [0]
16 909 [0]
27 909 [0]
64 909 [0]
91 909 [0]
442 909 [0]
607 909 [0]
2 910 [0]
4 910 [0]
6 910 [0]
7 910 [0]
12 910 [0]
20 910 [0]
277 910 [0]
605 910 [0]
719 910 [0]
1 911 [0]
2 911 [0]
5 911 [0]
6 911 [0]
8 911 [0]
9 911 [0]
88 911 [0]
122 911 [0]
346 911 [0]
2 912 [0]
6 912 [0]
8 912 [0]
9 912 [0]
10 912 [0]
22 912 [0]
148 912 [0]
152 912 [0]
401 912 [0]
0 913 [0]
2 913 [0]
3 913 [0]
4 913 [0]
7 913 [0]
9 913 [0]
19 913 [0]
350 913 [0]
525 913 [0]
0 914 [0]
1 914 [0]
2 914 [0]
5 914 [0]
6 914 [0]
8 914 [0]
10 914 [0]
22 914 [0]
29 914 [0]
1 915 [0]
2 915 [0]
5 915 [0]
7 915 [0]
8 915 [0]
9 915 [0]
10 915 [0]
292 915 [0]
619 915 [0]
0 916 [0]
1 916 [0]
4 916 [0]
8 916 [0]
21 916 [0]
49 916 [0]
68 916 [0]
115 916 [0]
395 916 [0]
1 917 [0]
4 917 [0]
5 917 [0]
6 917 [0]
7 917 [0]
9 917 [0]
21 917 [0]
61 917 [0]
438 917 [0]
1 918 [0]
2 918 [0]
4 918 [0]
7 918 [0]
8 918 [0]
12 918 [0]
31 918 [0]
552 918 [0]
867 918 [0]
1 919 [0]
2 919 [0]
6 919 [0]
29 919 [0]
85 919 [0]
127 919 [0]
154 919 [0]
295 919 [0]
403 919 [0]
2 920 [0]
4 920 [0]
5 920 [0]
6 920 [0]
7 920 [0]
8 920 [0]
9 920 [0]
10 920 [0]
15 920 [0]
1 921 [0]
4 921 [0]
5 921 [0]
7 921 [0]
8 921 [0]
10 921 [0]
21 921 [0]
26 921 [0]
741 921 [0]
0 922 [0]
2 922 [0]
3 922 [0]
5 922 [0]
7 922 [0]
8 922 [0]
33 922 [0]
117 922 [0]
475 922 [0]
0 923 [0]
1 923 [0]
5 923 [0]
6 923 [0]
7 923 [0]
8 923 [0]
9 923 [0]
69 923 [0]
150 923 [0]
4 924 [0]
7 924 [0]
8 924 [0]
100 924 [0]
113 924 [0]
188 924 [0]
267 924 [0]
357 924 [0]
549 924 [0]
2 925 [0]
5 925 [0]
16 925 [0]
27 925 [0]
50 925 [0]
75 925 [0]
86 925 [0]
98 925 [0]
716 925 [0]
0 926 [0]
6 926 [0]
8 926 [0]
10 926 [0]
22 926 [0]
29 926 [0]
32 926 [0]
280 926 [0]
323 926 [0]
1 927 [0]
6 927 [0]
7 927 [0]
8 927 [0]
9 927 [0]
18 927 [0]
137 927 [0]
232 927 [0]
268 927 [0]
0 928 [0]
2 928 [0]
4 928 [0]
5 928 [0]
6 928 [0]
10 928 [0]
44 928 [0]
94 928 [0]
550 928 [0]
1 929 [0]
4 929 [0]
5 929 [0]
8 929 [0]
9 929 [0]
22 929 [0]
97 929 [0]
145 929 [0]
333 929 [0]
0 930 [0]
1 930 [0]
2 930 [0]
5 930 [0]
8 930 [0]
16 930 [0]
17 930 [0]
198 930 [0]
667 930 [0]
1 931 [0]
5 931 [0]
6 931 [0]
7 931 [0]
9 931 [0]
10 931 [0]
69 931 [0]
276 931 [0]
647 931 [0]
0 932 [0]
5 932 [0]
7 932 [0]
8 932 [0]
10 932 [0]
21 932 [0]
43 932 [0]
203 932 [0]
250 932 [0]
0 933 [0]
14 933 [0]
27 933 [0]
28 933 [0]
38 933 [0]
186 933 [0]
202 933 [0]
258 933 [0]
399 933 [0]
1 934 [0]
2 934 [0]
3 934 [0]
5 934 [0]
7 934 [0]
8 934 [0]
51 934 [0]
107 934 [0]
361 934 [0]
1 935 [0]
5 935 [0]
8 935 [0]
27 935 [0]
50 935 [0]
64 935 [0]
75 935 [0]
104 935 [0]
622 935 [0]
0 936 [0]
1 936 [0]
5 936 [0]
6 936 [0]
7 936 [0]
9 936 [0]
10 936 [0]
276 936 [0]
462 936 [0]
4 937 [0]
6 937 [0]
7 937 [0]
12 937 [0]
20 937 [0]
45 937 [0]
277 937 [0]
605 937 [0]
775 937 [0]
5 938 [0]
8 938 [0]
10 938 [0]
14 938 [0]
24 938 [0]
143 938 [0]
386 938 [0]
450 938 [0]
603 938 [0]
0 939 [0]
2 939 [0]
8 939 [0]
10 939 [0]
14 939 [0]
16 939 [0]
27 939 [0]
56 939 [0]
87 939 [0]
1 940 [0]
2 940 [0]
6 940 [0]
9 940 [0]
22 940 [0]
99 940 [0]
356 940 [0]
480 940 [0]
793 940 [0]
0 941 [0]
2 941 [0]
8 941 [0]
27 941 [0]
50 941 [0]
75 941 [0]
98 941 [0]
139 941 [0]
158 941 [0]
1 942 [0]
4 942 [0]
6 942 [0]
7 942 [0]
8 942 [0]
9 942 [0]
10 942 [0]
15 942 [0]
137 942 [0]
0 943 [0]
2 943 [0]
3 943 [0]
7 943 [0]
9 943 [0]
51 943 [0]
309 943 [0]
322 943 [0]
517 943 [0]
2 944 [0]
3 944 [0]
4 944 [0]
6 944 [0]
7 944 [0]
48 944 [0]
147 944 [0]
241 944 [0]
278 944 [0]
0 945 [0]
1 945 [0]
4 945 [0]
5 945 [0]
8 945 [0]
9 945 [0]
10 945 [0]
21 945 [0]
294 945 [0]
0 946 [0]
5 946 [0]
6 946 [0]
7 946 [0]
8 946 [0]
9 946 [0]
10 946 [0]
70 946 [0]
668 946 [0]
3 947 [0]
7 947 [0]
8 947 [0]
9 947 [0]
36 947 [0]
48 947 [0]
55 947 [0]
180 947 [0]
618 947 [0]
0 948 [0]
2 948 [0]
5 948 [0]
16 948 [0]
27 948 [0]
50 948 [0]
75 948 [0]
98 948 [0]
139 948 [0]
1 949 [0]
3 949 [0]
4 949 [0]
6 949 [0]
7 949 [0]
8 949 [0]
19 949 [0]
89 949 [0]
336 949 [0]
0 950 [0]
2 950 [0]
8 950 [0]
10 950 [0]
14 950 [0]
16 950 [0]
38 950 [0]
87 950 [0]
236 950 [0]
2 951 [0]
3 951 [0]
4 951 [0]
6 951 [0]
8 951 [0]
36 951 [0]
90 951 [0]
147 951 [0]
342 951 [0]
0 952 [0]
8 952 [0]
14 952 [0]
16 952 [0]
27 952 [0]
38 952 [0]
56 952 [0]
243 952 [0]
832 952 [0]
1 953 [0]
4 953 [0]
7 953 [0]
8 953 [0]
9 953 [0]
10 953 [0]
83 953 [0]
121 953 [0]
130 953 [0]
1 954 [0]
3 954 [0]
4 954 [0]
6 954 [0]
7 954 [0]
8 954 [0]
9 954 [0]
89 954 [0]
95 954 [0]
0 955 [0]
1 955 [0]
2 955 [0]
6 955 [0]
154 955 [0]
295 955 [0]
403 955 [0]
423 955 [0]
821 955 [0]
2 956 [0]
3 956 [0]
4 956 [0]
6 956 [0]
8 956 [0]
36 956 [0]
147 956 [0]
342 956 [0]
951 956 [0]
6 957 [0]
7 957 [0]
9 957 [0]
20 957 [0]
109 957 [0]
141 957 [0]
318 957 [0]
427 957 [0]
441 957 [0]
2 958 [0]
6 958 [0]
8 958 [0]
9 958 [0]
10 958 [0]
22 958 [0]
148 958 [0]
401 958 [0]
912 958 [0]
0 959 [0]
1 959 [0]
2 959 [0]
6 959 [0]
7 959 [0]
8 959 [0]
9 959 [0]
10 959 [0]
13 959 [0]
4 960 [0]
7 960 [0]
8 960 [0]
9 960 [0]
23 960 [0]
79 960 [0]
113 960 [0]
421 960 [0]
540 960 [0]
0 961 [0]
1 961 [0]
2 961 [0]
6 961 [0]
29 961 [0]
85 961 [0]
295 961 [0]
403 961 [0]
423 961 [0]
1 962 [0]
2 962 [0]
4 962 [0]
6 962 [0]
7 962 [0]
8 962 [0]
9 962 [0]
12 962 [0]
125 962 [0]
2 963 [0]
4 963 [0]
5 963 [0]
7 963 [0]
8 963 [0]
9 963 [0]
15 963 [0]
183 963 [0]
499 963 [0]
1 964 [0]
2 964 [0]
5 964 [0]
6 964 [0]
8 964 [0]
9 964 [0]
122 964 [0]
206 964 [0]
405 964 [0]
0 965 [0]
2 965 [0]
5 965 [0]
14 965 [0]
16 965 [0]
27 965 [0]
28 965 [0]
38 965 [0]
133 965 [0]
2 966 [0]
5 966 [0]
6 966 [0]
7 966 [0]
8 966 [0]
11 966 [0]
36 966 [0]
255 966 [0]
363 966 [0]
1 967 [0]
4 967 [0]
6 967 [0]
9 967 [0]
10 967 [0]
12 967 [0]
83 967 [0]
616 967 [0]
740 967 [0]
1 968 [0]
4 968 [0]
6 968 [0]
7 968 [0]
8 968 [0]
9 968 [0]
10 968 [0]
15 968 [0]
18 968 [0]
1 969 [0]
2 969 [0]
6 969 [0]
7 969 [0]
10 969 [0]
12 969 [0]
20 969 [0]
284 969 [0]
530 969 [0]
1 970 [0]
4 970 [0]
6 970 [0]
7 970 [0]
18 970 [0]
137 970 [0]
232 970 [0]
558 970 [0]
889 970 [0]
2 971 [0]
8 971 [0]
14 971 [0]
16 971 [0]
27 971 [0]
28 971 [0]
38 971 [0]
56 971 [0]
589 971 [0]
2 972 [0]
4 972 [0]
6 972 [0]
7 972 [0]
12 972 [0]
20 972 [0]
45 972 [0]
277 972 [0]
605 972 [0]
2 973 [0]
4 973 [0]
5 973 [0]
7 973 [0]
8 973 [0]
10 973 [0]
25 973 [0]
34 973 [0]
149 973 [0]
2 974 [0]
8 974 [0]
10 974 [0]
14 974 [0]
16 974 [0]
38 974 [0]
56 974 [0]
129 974 [0]
131 974 [0]
2 975 [0]
6 975 [0]
7 975 [0]
9 975 [0]
10 975 [0]
20 975 [0]
109 975 [0]
141 975 [0]
233 975 [0]
0 976 [0]
13 976 [0]
16 976 [0]
27 976 [0]
50 976 [0]
64 976 [0]
167 976 [0]
313 976 [0]
467 976 [0]
0 977 [0]
2 977 [0]
10 977 [0]
14 977 [0]
16 977 [0]
27 977 [0]
38 977 [0]
87 977 [0]
236 977 [0]
1 978 [0]
5 978 [0]
8 978 [0]
16 978 [0]
27 978 [0]
75 978 [0]
86 978 [0]
325 978 [0]
546 978 [0]
1 979 [0]
2 979 [0]
5 979 [0]
8 979 [0]
16 979 [0]
27 979 [0]
35 979 [0]
82 979 [0]
377 979 [0]
0 980 [0]
2 980 [0]
8 980 [0]
10 980 [0]
14 980 [0]
38 980 [0]
56 980 [0]
87 980 [0]
129 980 [0]
0 981 [0]
2 981 [0]
5 981 [0]
8 981 [0]
9 981 [0]
14 981 [0]
16 981 [0]
17 981 [0]
561 981 [0]
1 982 [0]
4 982 [0]
5 982 [0]
6 982 [0]
8 982 [0]
294 982 [0]
359 982 [0]
367 982 [0]
738 982 [0]
1 983 [0]
2 983 [0]
5 983 [0]
7 983 [0]
8 983 [0]
9 983 [0]
15 983 [0]
183 983 [0]
292 983 [0]
2 984 [0]
4 984 [0]
5 984 [0]
7 984 [0]
8 984 [0]
25 984 [0]
105 984 [0]
149 984 [0]
826 984 [0]
0 985 [0]
5 985 [0]
7 985 [0]
10 985 [0]
21 985 [0]
43 985 [0]
230 985 [0]
385 985 [0]
397 985 [0]
2 986 [0]
5 986 [0]
10 986 [0]
16 986 [0]
27 986 [0]
28 986 [0]
35 986 [0]
53 986 [0]
479 986 [0]
2 987 [0]
4 987 [0]
5 987 [0]
7 987 [0]
10 987 [0]
25 987 [0]
105 987 [0]
149 987 [0]
826 987 [0]
4 988 [0]
7 988 [0]
8 988 [0]
9 988 [0]
11 988 [0]
80 988 [0]
100 988 [0]
190 988 [0]
735 988 [0]
2 989 [0]
7 989 [0]
10 989 [0]
20 989 [0]
109 989 [0]
141 989 [0]
233 989 [0]
469 989 [0]
809 989 [0]
4 990 [0]
5 990 [0]
6 990 [0]
10 990 [0]
22 990 [0]
39 990 [0]
112 990 [0]
181 990 [0]
330 990 [0]
0 991 [0]
1 991 [0]
5 991 [0]
6 991 [0]
8 991 [0]
10 991 [0]
22 991 [0]
39 991 [0]
729 991 [0]
3 992 [0]
5 992 [0]
7 992 [0]
8 992 [0]
33 992 [0]
51 992 [0]
117 992 [0]
341 992 [0]
410 992 [0]
0 993 [0]
8 993 [0]
14 993 [0]
28 993 [0]
38 993 [0]
56 993 [0]
186 993 [0]
202 993 [0]
258 993 [0]
0 994 [0]
4 994 [0]
9 994 [0]
10 994 [0]
25 994 [0]
34 994 [0]
238 994 [0]
393 994 [0]
743 994 [0]
1 995 [0]
5 995 [0]
6 995 [0]
7 995 [0]
8 995 [0]
9 995 [0]
12 995 [0]
83 995 [0]
649 995 [0]
5 996 [0]
10 996 [0]
22 996 [0]
39 996 [0]
112 996 [0]
181 996 [0]
222 996 [0]
247 996 [0]
686 996 [0]
2 997 [0]
4 997 [0]
5 997 [0]
6 997 [0]
7 997 [0]
8 997 [0]
12 997 [0]
31 997 [0]
552 997 [0]
0 998 [0]
8 998 [0]
14 998 [0]
27 998 [0]
28 998 [0]
56 998 [0]
186 998 [0]
202 998 [0]
542 998 [0]
4 999 [0]
5 999 [0]
8 999 [0]
9 999 [0]
22 999 [0]
39 999 [0]
97 999 [0]
145 999 [0]
516 999 [0]
