# category: automatic
# problem: 5
32
3
0
1
2
3
4
5
6
7
8
9
10
11
12
13
14
15
16
17
18
19
20
21
22
23
24
25
26
27
28
29
30
31
18 27 [0]
30 21 [0]
24 12 [0]
20 30 [0]
16 19 [0]
22 31 [0]
20 23 [0]
15 1 [0]
5 8 [0]
2 10 [0]
1 29 [0]
24 17 [0]
28 23 [0]
4 21 [0]
8 14 [0]
12 27 [0]
25 31 [0]
10 17 [0]
25 29 [0]
16 6 [0]
11 16 [0]
11 13 [0]
14 16 [0]
31 23 [0]
11 27 [0]
14 9 [0]
20 18 [0]
11 6 [0]
5 13 [0]
28 7 [0]
23 30 [0]
25 1 [0]
30 4 [0]
8 20 [0]
10 24 [0]
24 4 [0]
28 19 [0]
8 27 [0]
10 21 [0]
11 8 [0]
27 31 [0]
16 15 [0]
13 21 [0]
6 29 [0]
27 6 [0]
15 11 [0]
26 13 [0]
31 19 [0]
2 28 [0]
14 19 [0]
12 9 [0]
25 21 [0]
31 20 [0]
12 8 [0]
9 23 [0]
30 16 [0]
17 5 [0]
5 0 [0]
