# category: automatic
# problem: 10
1600
12
0
1
2
3
4
5
6
7
8
9
10
11
12
13
14
15
16
17
18
19
20
21
22
23
24
25
26
27
28
29
30
31
32
33
34
35
36
37
38
39
40
41
42
43
44
45
46
47
48
49
50
51
52
53
54
55
56
57
58
59
60
61
62
63
64
65
66
67
68
69
70
71
72
73
74
75
76
77
78
79
80
81
82
83
84
85
86
87
88
89
90
91
92
93
94
95
96
97
98
99
100
101
102
103
104
105
106
107
108
109
110
111
112
113
114
115
116
117
118
119
120
121
122
123
124
125
126
127
128
129
130
131
132
133
134
135
136
137
138
139
140
141
142
143
144
145
146
147
148
149
150
151
152
153
154
155
156
157
158
159
160
161
162
163
164
165
166
167
168
169
170
171
172
173
174
175
176
177
178
179
180
181
182
183
184
185
186
187
188
189
190
191
192
193
194
195
196
197
198
199
200
201
202
203
204
205
206
207
208
209
210
211
212
213
214
215
216
217
218
219
220
221
222
223
224
225
226
227
228
229
230
231
232
233
234
235
236
237
238
239
240
241
242
243
244
245
246
247
248
249
250
251
252
253
254
255
256
257
258
259
260
261
262
263
264
265
266
267
268
269
270
271
272
273
274
275
276
277
278
279
280
281
282
283
284
285
286
287
288
289
290
291
292
293
294
295
296
297
298
299
300
301
302
303
304
305
306
307
308
309
310
311
312
313
314
315
316
317
318
319
320
321
322
323
324
325
326
327
328
329
330
331
332
333
334
335
336
337
338
339
340
341
342
343
344
345
346
347
348
349
350
351
352
353
354
355
356
357
358
359
360
361
362
363
364
365
366
367
368
369
370
371
372
373
374
375
376
377
378
379
380
381
382
383
384
385
386
387
388
389
390
391
392
393
394
395
396
397
398
399
400
401
402
403
404
405
406
407
408
409
410
411
412
413
414
415
416
417
418
419
420
421
422
423
424
425
426
427
428
429
430
431
432
433
434
435
436
437
438
439
440
441
442
443
444
445
446
447
448
449
450
451
452
453
454
455
456
457
458
459
460
461
462
463
464
465
466
467
468
469
470
471
472
473
474
475
476
477
478
479
480
481
482
483
484
485
486
487
488
489
490
491
492
493
494
495
496
497
498
499
500
501
502
503
504
505
506
507
508
509
510
511
512
513
514
515
516
517
518
519
520
521
522
523
524
525
526
527
528
529
530
531
532
533
534
535
536
537
538
539
540
541
542
543
544
545
546
547
548
549
550
551
552
553
554
555
556
557
558
559
560
561
562
563
564
565
566
567
568
569
570
571
572
573
574
575
576
577
578
579
580
581
582
583
584
585
586
587
588
589
590
591
592
593
594
595
596
597
598
599
600
601
602
603
604
605
606
607
608
609
610
611
612
613
614
615
616
617
618
619
620
621
622
623
624
625
626
627
628
629
630
631
632
633
634
635
636
637
638
639
640
641
642
643
644
645
646
647
648
649
650
651
652
653
654
655
656
657
658
659
660
661
662
663
664
665
666
667
668
669
670
671
672
673
674
675
676
677
678
679
680
681
682
683
684
685
686
687
688
689
690
691
692
693
694
695
696
697
698
699
700
701
702
703
704
705
706
707
708
709
710
711
712
713
714
715
716
717
718
719
720
721
722
723
724
725
726
727
728
729
730
731
732
733
734
735
736
737
738
739
740
741
742
743
744
745
746
747
748
749
750
751
752
753
754
755
756
757
758
759
760
761
762
763
764
765
766
767
768
769
770
771
772
773
774
775
776
777
778
779
780
781
782
783
784
785
786
787
788
789
790
791
792
793
794
795
796
797
798
799
800
801
802
803
804
805
806
807
808
809
810
811
812
813
814
815
816
817
818
819
820
821
822
823
824
825
826
827
828
829
830
831
832
833
834
835
836
837
838
839
840
841
842
843
844
845
846
847
848
849
850
851
852
853
854
855
856
857
858
859
860
861
862
863
864
865
866
867
868
869
870
871
872
873
874
875
876
877
878
879
880
881
882
883
884
885
886
887
888
889
890
891
892
893
894
895
896
897
898
899
900
901
902
903
904
905
906
907
908
909
910
911
912
913
914
915
916
917
918
919
920
921
922
923
924
925
926
927
928
929
930
931
932
933
934
935
936
937
938
939
940
941
942
943
944
945
946
947
948
949
950
951
952
953
954
955
956
957
958
959
960
961
962
963
964
965
966
967
968
969
970
971
972
973
974
975
976
977
978
979
980
981
982
983
984
985
986
987
988
989
990
991
992
993
994
995
996
997
998
999
1000
1001
1002
1003
1004
1005
1006
1007
1008
1009
1010
1011
1012
1013
1014
1015
1016
1017
1018
1019
1020
1021
1022
1023
1024
1025
1026
1027
1028
1029
1030
1031
1032
1033
1034
1035
1036
1037
1038
1039
1040
1041
1042
1043
1044
1045
1046
1047
1048
1049
1050
1051
1052
1053
1054
1055
1056
1057
1058
1059
1060
1061
1062
1063
1064
1065
1066
1067
1068
1069
1070
1071
1072
1073
1074
1075
1076
1077
1078
1079
1080
1081
1082
1083
1084
1085
1086
1087
1088
1089
1090
1091
1092
1093
1094
1095
1096
1097
1098
1099
1100
1101
1102
1103
1104
1105
1106
1107
1108
1109
1110
1111
1112
1113
1114
1115
1116
1117
1118
1119
1120
1121
1122
1123
1124
1125
1126
1127
1128
1129
1130
1131
1132
1133
1134
1135
1136
1137
1138
1139
1140
1141
1142
1143
1144
1145
1146
1147
1148
1149
1150
1151
1152
1153
1154
1155
1156
1157
1158
1159
1160
1161
1162
1163
1164
1165
1166
1167
1168
1169
1170
1171
1172
1173
1174
1175
1176
1177
1178
1179
1180
1181
1182
1183
1184
1185
1186
1187
1188
1189
1190
1191
1192
1193
1194
1195
1196
1197
1198
1199
1200
1201
1202
1203
1204
1205
1206
1207
1208
1209
1210
1211
1212
1213
1214
1215
1216
1217
1218
1219
1220
1221
1222
1223
1224
1225
1226
1227
1228
1229
1230
1231
1232
1233
1234
1235
1236
1237
1238
1239
1240
1241
1242
1243
1244
1245
1246
1247
1248
1249
1250
1251
1252
1253
1254
1255
1256
1257
1258
1259
1260
1261
1262
1263
1264
1265
1266
1267
1268
1269
1270
1271
1272
1273
1274
1275
1276
1277
1278
1279
1280
1281
1282
1283
1284
1285
1286
1287
1288
1289
1290
1291
1292
1293
1294
1295
1296
1297
1298
1299
1300
1301
1302
1303
1304
1305
1306
1307
1308
1309
1310
1311
1312
1313
1314
1315
1316
1317
1318
1319
1320
1321
1322
1323
1324
1325
1326
1327
1328
1329
1330
1331
1332
1333
1334
1335
1336
1337
1338
1339
1340
1341
1342
1343
1344
1345
1346
1347
1348
1349
1350
1351
1352
1353
1354
1355
1356
1357
1358
1359
1360
1361
1362
1363
1364
1365
1366
1367
1368
1369
1370
1371
1372
1373
1374
1375
1376
1377
1378
1379
1380
1381
1382
1383
1384
1385
1386
1387
1388
1389
1390
1391
1392
1393
1394
1395
1396
1397
1398
1399
1400
1401
1402
1403
1404
1405
1406
1407
1408
1409
1410
1411
1412
1413
1414
1415
1416
1417
1418
1419
1420
1421
1422
1423
1424
1425
1426
1427
1428
1429
1430
1431
1432
1433
1434
1435
1436
1437
1438
1439
1440
1441
1442
1443
1444
1445
1446
1447
1448
1449
1450
1451
1452
1453
1454
1455
1456
1457
1458
1459
1460
1461
1462
1463
1464
1465
1466
1467
1468
1469
1470
1471
1472
1473
1474
1475
1476
1477
1478
1479
1480
1481
1482
1483
1484
1485
1486
1487
1488
1489
1490
1491
1492
1493
1494
1495
1496
1497
1498
1499
1500
1501
1502
1503
1504
1505
1506
1507
1508
1509
1510
1511
1512
1513
1514
1515
1516
1517
1518
1519
1520
1521
1522
1523
1524
1525
1526
1527
1528
1529
1530
1531
1532
1533
1534
1535
1536
1537
1538
1539
1540
1541
1542
1543
1544
1545
1546
1547
1548
1549
1550
1551
1552
1553
1554
1555
1556
1557
1558
1559
1560
1561
1562
1563
1564
1565
1566
1567
1568
1569
1570
1571
1572
1573
1574
1575
1576
1577
1578
1579
1580
1581
1582
1583
1584
1585
1586
1587
1588
1589
1590
1591
1592
1593
1594
1595
1596
1597
1598
1599
1092 1556 [0]
1048 1252 [0]
1536 728 [0]
1261 348 [0]
325 87 [0]
348 94 [0]
1470 285 [0]
362 393 [0]
232 655 [0]
1379 377 [0]
1453 878 [0]
543 960 [0]
550 813 [0]
480 1200 [0]
241 1 [0]
168 708 [0]
173 1346 [0]
461 1090 [0]
1291 150 [0]
596 1341 [0]
1580 1131 [0]
1127 1261 [0]
894 1176 [0]
1101 4 [0]
518 611 [0]
570 80 [0]
1440 1305 [0]
769 573 [0]
1293 685 [0]
264 1456 [0]
19 15 [0]
370 488 [0]
86 1239 [0]
862 884 [0]
1317 804 [0]
158 1293 [0]
1291 717 [0]
547 62 [0]
258 1358 [0]
969 960 [0]
1504 684 [0]
1465 158 [0]
1444 0 [0]
593 698 [0]
774 1594 [0]
1338 331 [0]
1470 788 [0]
1570 522 [0]
1548 1091 [0]
338 961 [0]
247 1342 [0]
910 1491 [0]
201 1571 [0]
737 1584 [0]
1009 880 [0]
1036 1480 [0]
792 593 [0]
556 1355 [0]
796 1188 [0]
1250 786 [0]
135 736 [0]
478 1220 [0]
64 989 [0]
963 1431 [0]
433 714 [0]
370 1291 [0]
75 686 [0]
1414 398 [0]
290 1280 [0]
701 30 [0]
987 867 [0]
1037 1487 [0]
91 1491 [0]
1372 464 [0]
754 1195 [0]
384 170 [0]
899 1214 [0]
739 648 [0]
33 340 [0]
1362 208 [0]
618 814 [0]
890 602 [0]
981 1409 [0]
1163 1459 [0]
1553 285 [0]
582 1406 [0]
340 1177 [0]
115 159 [0]
1214 1081 [0]
217 435 [0]
153 899 [0]
15 1455 [0]
395 468 [0]
187 93 [0]
1425 1565 [0]
1177 636 [0]
918 1537 [0]
1192 528 [0]
403 672 [0]
699 238 [0]
790 626 [0]
1163 1494 [0]
1564 912 [0]
54 1576 [0]
637 970 [0]
1542 569 [0]
1308 927 [0]
79 751 [0]
461 489 [0]
304 1343 [0]
282 1358 [0]
1559 635 [0]
101 321 [0]
314 456 [0]
644 355 [0]
458 903 [0]
1442 569 [0]
1514 966 [0]
842 9 [0]
643 736 [0]
316 791 [0]
825 1196 [0]
468 1209 [0]
490 1378 [0]
1131 687 [0]
507 559 [0]
797 977 [0]
922 1003 [0]
390 886 [0]
214 1193 [0]
1168 801 [0]
390 250 [0]
92 135 [0]
245 1211 [0]
899 1544 [0]
801 929 [0]
1516 951 [0]
971 599 [0]
1318 471 [0]
707 1588 [0]
1014 172 [0]
428 1457 [0]
515 617 [0]
254 989 [0]
57 412 [0]
914 1184 [0]
238 746 [0]
263 1349 [0]
536 853 [0]
1490 1197 [0]
734 135 [0]
1227 746 [0]
1256 822 [0]
391 1044 [0]
385 538 [0]
446 1205 [0]
620 597 [0]
612 474 [0]
1181 1586 [0]
562 1058 [0]
721 1250 [0]
938 567 [0]
1009 1166 [0]
1195 1110 [0]
1198 1329 [0]
1349 1398 [0]
659 1318 [0]
1067 1138 [0]
435 703 [0]
66 590 [0]
13 1165 [0]
1199 1498 [0]
766 102 [0]
42 132 [0]
1198 1258 [0]
671 294 [0]
921 1134 [0]
420 948 [0]
1572 1593 [0]
1179 544 [0]
677 985 [0]
1065 81 [0]
489 493 [0]
1002 695 [0]
1148 1592 [0]
1441 1596 [0]
627 1409 [0]
1108 1408 [0]
998 1210 [0]
1577 1402 [0]
1391 951 [0]
1384 810 [0]
63 971 [0]
19 1189 [0]
1489 845 [0]
95 1209 [0]
1566 780 [0]
548 1027 [0]
1228 1222 [0]
993 710 [0]
1566 1139 [0]
1016 739 [0]
401 1293 [0]
63 784 [0]
273 95 [0]
10 613 [0]
92 1425 [0]
463 1226 [0]
1039 547 [0]
1352 1530 [0]
1050 1564 [0]
575 989 [0]
1521 755 [0]
287 1461 [0]
1382 1111 [0]
121 1130 [0]
636 578 [0]
178 1416 [0]
359 512 [0]
586 1308 [0]
1428 340 [0]
784 609 [0]
556 815 [0]
410 709 [0]
1156 293 [0]
561 888 [0]
1492 1398 [0]
1364 1388 [0]
1107 1113 [0]
765 1501 [0]
117 1541 [0]
1513 1290 [0]
406 412 [0]
744 1062 [0]
356 295 [0]
34 64 [0]
1314 990 [0]
1357 97 [0]
1358 1025 [0]
995 872 [0]
208 1246 [0]
1458 1337 [0]
163 1118 [0]
66 1387 [0]
608 1510 [0]
430 832 [0]
496 1178 [0]
1573 1390 [0]
1254 462 [0]
907 85 [0]
1341 1054 [0]
929 1379 [0]
144 68 [0]
49 948 [0]
1459 712 [0]
876 1019 [0]
1259 143 [0]
1460 173 [0]
667 184 [0]
1458 908 [0]
1139 615 [0]
776 25 [0]
256 133 [0]
1403 391 [0]
1239 140 [0]
1230 179 [0]
1000 1328 [0]
497 1399 [0]
1292 583 [0]
374 293 [0]
1201 779 [0]
1055 1544 [0]
912 885 [0]
165 1292 [0]
708 1114 [0]
817 889 [0]
859 817 [0]
332 35 [0]
1100 392 [0]
829 359 [0]
497 299 [0]
176 777 [0]
484 889 [0]
1389 453 [0]
314 1116 [0]
1487 398 [0]
1434 448 [0]
1557 1000 [0]
1102 224 [0]
313 574 [0]
805 390 [0]
1490 366 [0]
786 81 [0]
262 12 [0]
1250 624 [0]
1002 912 [0]
201 357 [0]
1575 1138 [0]
1178 392 [0]
1347 1190 [0]
1088 519 [0]
66 797 [0]
542 1519 [0]
1125 49 [0]
192 1461 [0]
634 754 [0]
244 204 [0]
745 69 [0]
697 392 [0]
681 757 [0]
1227 589 [0]
369 1542 [0]
1024 1121 [0]
1409 700 [0]
1048 822 [0]
24 943 [0]
75 384 [0]
433 744 [0]
611 545 [0]
599 411 [0]
1497 125 [0]
123 697 [0]
1041 169 [0]
1213 467 [0]
26 48 [0]
1462 167 [0]
728 969 [0]
1366 1221 [0]
1349 367 [0]
791 543 [0]
292 1146 [0]
872 575 [0]
463 1295 [0]
507 1424 [0]
1597 557 [0]
408 1524 [0]
436 627 [0]
43 400 [0]
16 1165 [0]
526 809 [0]
1597 192 [0]
1032 1518 [0]
580 389 [0]
1203 708 [0]
482 851 [0]
841 1257 [0]
92 343 [0]
785 760 [0]
1166 677 [0]
453 884 [0]
630 238 [0]
950 1372 [0]
1405 426 [0]
682 719 [0]
1034 1183 [0]
676 1141 [0]
226 679 [0]
499 783 [0]
83 559 [0]
1462 739 [0]
1155 1217 [0]
132 1592 [0]
599 666 [0]
1494 412 [0]
707 1550 [0]
1563 786 [0]
1225 659 [0]
990 1317 [0]
157 1532 [0]
1461 531 [0]
602 87 [0]
156 239 [0]
407 724 [0]
449 83 [0]
1275 130 [0]
1210 893 [0]
413 1067 [0]
433 1092 [0]
114 1277 [0]
1097 1031 [0]
231 1331 [0]
1215 1042 [0]
472 814 [0]
1166 141 [0]
357 627 [0]
550 1316 [0]
303 857 [0]
518 901 [0]
682 57 [0]
102 387 [0]
263 635 [0]
1084 399 [0]
117 1259 [0]
1583 913 [0]
544 780 [0]
343 1000 [0]
397 546 [0]
422 46 [0]
623 171 [0]
863 83 [0]
225 1381 [0]
1433 118 [0]
920 282 [0]
770 833 [0]
923 502 [0]
1377 1586 [0]
268 911 [0]
1195 861 [0]
944 1378 [0]
187 695 [0]
360 1049 [0]
350 72 [0]
1163 732 [0]
1529 643 [0]
420 1473 [0]
506 1352 [0]
372 1382 [0]
965 1544 [0]
408 1048 [0]
515 1199 [0]
493 1197 [0]
59 1462 [0]
1224 610 [0]
141 1370 [0]
1247 360 [0]
500 62 [0]
1082 385 [0]
323 1223 [0]
431 1313 [0]
1530 240 [0]
201 1090 [0]
1366 1356 [0]
1213 1159 [0]
608 1001 [0]
1092 158 [0]
1241 1117 [0]
425 1467 [0]
1435 1174 [0]
1227 1515 [0]
1356 405 [0]
342 680 [0]
1171 529 [0]
1471 550 [0]
293 593 [0]
148 845 [0]
828 561 [0]
738 965 [0]
474 1317 [0]
300 392 [0]
394 1507 [0]
251 884 [0]
449 142 [0]
937 62 [0]
302 4 [0]
1410 1334 [0]
218 150 [0]
608 1386 [0]
1333 729 [0]
1590 233 [0]
450 770 [0]
1396 679 [0]
1200 851 [0]
937 1583 [0]
62 318 [0]
938 589 [0]
803 498 [0]
543 1370 [0]
295 641 [0]
527 860 [0]
1567 458 [0]
1405 1561 [0]
1326 1088 [0]
1170 496 [0]
1211 1107 [0]
531 663 [0]
272 344 [0]
932 401 [0]
1114 709 [0]
792 297 [0]
474 788 [0]
461 1383 [0]
807 1575 [0]
1363 343 [0]
281 1253 [0]
478 1215 [0]
1103 242 [0]
1277 365 [0]
1365 933 [0]
1180 705 [0]
637 63 [0]
1327 870 [0]
433 830 [0]
236 976 [0]
1151 1302 [0]
1570 268 [0]
184 822 [0]
1398 1129 [0]
535 314 [0]
387 1020 [0]
1377 1136 [0]
1235 1338 [0]
921 1581 [0]
1168 1197 [0]
694 871 [0]
936 1319 [0]
692 140 [0]
1391 1486 [0]
176 567 [0]
1040 1244 [0]
1406 804 [0]
1311 1124 [0]
193 654 [0]
624 1510 [0]
220 1520 [0]
1033 1134 [0]
1124 949 [0]
1345 863 [0]
471 433 [0]
362 388 [0]
851 687 [0]
466 1222 [0]
319 1501 [0]
1248 1286 [0]
971 988 [0]
1215 239 [0]
675 1197 [0]
455 714 [0]
614 920 [0]
727 883 [0]
1094 231 [0]
246 978 [0]
220 13 [0]
426 87 [0]
1448 959 [0]
10 946 [0]
1417 165 [0]
1173 1273 [0]
29 1258 [0]
1408 216 [0]
1244 199 [0]
1446 44 [0]
487 1463 [0]
583 1100 [0]
765 1212 [0]
33 476 [0]
1028 591 [0]
1164 1396 [0]
80 959 [0]
450 1239 [0]
1233 1030 [0]
1076 659 [0]
354 250 [0]
475 93 [0]
1390 986 [0]
754 802 [0]
380 343 [0]
1584 509 [0]
24 227 [0]
179 1032 [0]
621 82 [0]
181 1077 [0]
118 978 [0]
1227 983 [0]
186 1135 [0]
1476 113 [0]
1205 1321 [0]
1262 674 [0]
506 967 [0]
702 359 [0]
1460 841 [0]
833 1347 [0]
1262 1466 [0]
1569 952 [0]
618 323 [0]
1162 1347 [0]
34 1310 [0]
1213 721 [0]
300 194 [0]
1106 1064 [0]
1101 42 [0]
655 659 [0]
785 873 [0]
571 608 [0]
1367 343 [0]
605 1112 [0]
187 1187 [0]
497 11 [0]
831 1092 [0]
695 249 [0]
503 1222 [0]
970 708 [0]
368 838 [0]
1541 946 [0]
1405 111 [0]
1542 132 [0]
438 1241 [0]
724 1290 [0]
1108 387 [0]
592 1487 [0]
1169 45 [0]
841 1042 [0]
1269 1303 [0]
355 845 [0]
465 929 [0]
114 1007 [0]
1082 870 [0]
989 1358 [0]
1154 1433 [0]
501 745 [0]
1352 93 [0]
211 113 [0]
230 448 [0]
1462 964 [0]
1485 1263 [0]
1455 834 [0]
7 1079 [0]
1292 757 [0]
852 488 [0]
259 1379 [0]
101 1164 [0]
745 522 [0]
991 1116 [0]
101 922 [0]
1011 797 [0]
694 1344 [0]
755 1387 [0]
48 1479 [0]
848 231 [0]
1494 1316 [0]
693 367 [0]
1268 415 [0]
1379 1073 [0]
108 600 [0]
1051 32 [0]
1312 1349 [0]
1363 1192 [0]
628 626 [0]
1513 121 [0]
1294 1147 [0]
818 378 [0]
1480 1199 [0]
1550 34 [0]
513 459 [0]
259 1238 [0]
254 684 [0]
206 1337 [0]
1452 1280 [0]
684 1263 [0]
1027 275 [0]
948 410 [0]
550 1079 [0]
893 831 [0]
576 304 [0]
171 1487 [0]
1599 393 [0]
809 618 [0]
509 220 [0]
343 1208 [0]
1033 335 [0]
522 1473 [0]
1459 710 [0]
1491 1382 [0]
511 807 [0]
528 756 [0]
937 855 [0]
220 952 [0]
1346 160 [0]
757 551 [0]
347 884 [0]
1032 1291 [0]
469 744 [0]
642 1175 [0]
213 824 [0]
946 548 [0]
693 859 [0]
1002 60 [0]
727 698 [0]
1459 12 [0]
733 1270 [0]
1295 403 [0]
1262 416 [0]
408 442 [0]
499 981 [0]
728 1306 [0]
653 499 [0]
1381 336 [0]
1009 723 [0]
1456 1408 [0]
134 850 [0]
1573 498 [0]
288 1198 [0]
976 757 [0]
1528 640 [0]
1272 798 [0]
1503 1284 [0]
1154 1390 [0]
1074 312 [0]
166 1244 [0]
447 1044 [0]
1054 568 [0]
1306 1049 [0]
1245 62 [0]
72 322 [0]
361 1391 [0]
1486 1448 [0]
1017 378 [0]
1500 625 [0]
1018 425 [0]
699 666 [0]
632 387 [0]
717 1019 [0]
1208 1275 [0]
576 277 [0]
840 1333 [0]
661 337 [0]
1432 1088 [0]
811 1371 [0]
333 526 [0]
1387 455 [0]
1365 1436 [0]
280 514 [0]
101 1368 [0]
324 1223 [0]
182 357 [0]
337 518 [0]
284 963 [0]
11 385 [0]
1060 1559 [0]
830 752 [0]
359 624 [0]
1516 1430 [0]
1456 723 [0]
515 1169 [0]
500 826 [0]
155 1043 [0]
1518 688 [0]
444 1086 [0]
1036 602 [0]
905 524 [0]
1008 1517 [0]
699 649 [0]
501 1379 [0]
1277 1407 [0]
944 43 [0]
457 445 [0]
80 1047 [0]
138 399 [0]
369 785 [0]
1215 754 [0]
504 344 [0]
622 1018 [0]
526 1485 [0]
1071 1162 [0]
1127 822 [0]
1292 90 [0]
1568 730 [0]
249 570 [0]
645 479 [0]
1500 579 [0]
1489 552 [0]
821 725 [0]
85 293 [0]
136 315 [0]
1515 1158 [0]
638 404 [0]
866 370 [0]
1060 562 [0]
1277 1552 [0]
1256 159 [0]
372 609 [0]
228 1460 [0]
823 1175 [0]
795 1220 [0]
57 1453 [0]
151 888 [0]
1070 1272 [0]
79 931 [0]
481 1052 [0]
105 618 [0]
1276 564 [0]
1549 948 [0]
1508 695 [0]
289 269 [0]
1275 195 [0]
610 1340 [0]
1514 717 [0]
891 872 [0]
619 432 [0]
1021 610 [0]
391 957 [0]
1316 540 [0]
794 73 [0]
598 960 [0]
1192 286 [0]
182 386 [0]
803 1010 [0]
1124 1523 [0]
634 1219 [0]
825 606 [0]
376 657 [0]
605 1406 [0]
156 386 [0]
545 431 [0]
596 575 [0]
1146 1439 [0]
1430 287 [0]
1372 653 [0]
616 159 [0]
807 384 [0]
1290 512 [0]
1283 1202 [0]
761 431 [0]
1119 323 [0]
281 529 [0]
1056 592 [0]
1383 433 [0]
500 1141 [0]
392 1001 [0]
552 1140 [0]
1517 1473 [0]
1220 1206 [0]
372 448 [0]
1176 460 [0]
1068 151 [0]
896 1564 [0]
1442 1546 [0]
906 133 [0]
908 623 [0]
1340 985 [0]
1557 1005 [0]
562 397 [0]
1188 1488 [0]
500 667 [0]
758 90 [0]
858 1208 [0]
963 1581 [0]
489 504 [0]
413 1248 [0]
1586 614 [0]
153 1512 [0]
289 393 [0]
556 1240 [0]
199 1469 [0]
1560 510 [0]
340 922 [0]
660 73 [0]
907 467 [0]
415 1302 [0]
396 1489 [0]
545 168 [0]
424 368 [0]
38 268 [0]
624 1418 [0]
371 1197 [0]
1467 430 [0]
627 598 [0]
697 1409 [0]
1499 469 [0]
195 897 [0]
110 658 [0]
1070 223 [0]
487 1560 [0]
1518 1298 [0]
698 224 [0]
966 762 [0]
1574 1183 [0]
291 24 [0]
305 1369 [0]
1239 801 [0]
283 862 [0]
486 640 [0]
563 129 [0]
503 808 [0]
1 1389 [0]
535 1313 [0]
1542 489 [0]
460 841 [0]
1377 486 [0]
1126 628 [0]
530 325 [0]
289 992 [0]
332 1065 [0]
347 481 [0]
166 269 [0]
680 175 [0]
1596 1204 [0]
277 726 [0]
29 499 [0]
66 397 [0]
1132 1123 [0]
692 1232 [0]
1420 299 [0]
26 867 [0]
299 634 [0]
223 227 [0]
985 645 [0]
1319 1270 [0]
1165 1558 [0]
426 1092 [0]
1272 60 [0]
364 823 [0]
123 528 [0]
1257 1365 [0]
1413 1565 [0]
6 973 [0]
91 1219 [0]
744 819 [0]
195 913 [0]
555 311 [0]
524 1079 [0]
913 1135 [0]
593 1177 [0]
256 804 [0]
423 907 [0]
463 280 [0]
59 931 [0]
67 474 [0]
530 934 [0]
1437 1175 [0]
8 38 [0]
1356 280 [0]
266 257 [0]
910 1402 [0]
653 148 [0]
61 96 [0]
197 1317 [0]
360 1096 [0]
351 113 [0]
559 904 [0]
829 1448 [0]
606 121 [0]
943 1461 [0]
777 473 [0]
410 705 [0]
431 797 [0]
637 1473 [0]
136 501 [0]
216 1314 [0]
471 426 [0]
457 393 [0]
591 1127 [0]
1076 1585 [0]
1534 184 [0]
704 1338 [0]
719 889 [0]
846 686 [0]
1415 407 [0]
974 868 [0]
37 1487 [0]
1595 128 [0]
1492 1295 [0]
1191 1407 [0]
915 1041 [0]
245 384 [0]
1016 473 [0]
1440 915 [0]
801 599 [0]
1259 42 [0]
878 721 [0]
1443 145 [0]
1511 545 [0]
85 396 [0]
871 168 [0]
1120 1145 [0]
1183 975 [0]
46 1501 [0]
121 672 [0]
1055 1283 [0]
429 1377 [0]
1315 805 [0]
694 483 [0]
373 424 [0]
862 1089 [0]
1082 1145 [0]
1085 1522 [0]
345 1546 [0]
982 955 [0]
1308 581 [0]
837 1450 [0]
600 748 [0]
1016 497 [0]
860 1054 [0]
390 788 [0]
714 1114 [0]
858 29 [0]
728 547 [0]
1063 1549 [0]
1511 997 [0]
59 1065 [0]
1237 344 [0]
65 1395 [0]
1355 574 [0]
772 986 [0]
1454 95 [0]
1470 1543 [0]
1045 1547 [0]
1089 543 [0]
969 1445 [0]
1247 709 [0]
57 439 [0]
129 533 [0]
1313 1326 [0]
751 725 [0]
943 903 [0]
52 720 [0]
1523 232 [0]
344 1186 [0]
1575 1160 [0]
932 366 [0]
1321 1042 [0]
1308 264 [0]
1568 61 [0]
459 1174 [0]
1333 1263 [0]
614 29 [0]
1332 253 [0]
1458 1582 [0]
786 1192 [0]
1566 787 [0]
672 1184 [0]
996 1180 [0]
747 1520 [0]
1413 72 [0]
753 1009 [0]
93 308 [0]
800 919 [0]
1459 1196 [0]
1356 880 [0]
294 382 [0]
60 357 [0]
895 365 [0]
763 88 [0]
1187 99 [0]
380 232 [0]
263 418 [0]
212 521 [0]
140 796 [0]
394 1031 [0]
699 761 [0]
183 585 [0]
818 1065 [0]
1107 733 [0]
653 1017 [0]
633 182 [0]
653 24 [0]
1291 803 [0]
1440 1145 [0]
112 1388 [0]
1131 1024 [0]
1522 19 [0]
173 1599 [0]
846 1146 [0]
1036 1112 [0]
283 267 [0]
563 1068 [0]
1380 553 [0]
669 590 [0]
779 710 [0]
980 418 [0]
943 834 [0]
233 1179 [0]
776 929 [0]
743 37 [0]
1484 466 [0]
1393 190 [0]
550 851 [0]
551 1092 [0]
772 56 [0]
402 65 [0]
115 525 [0]
729 479 [0]
1071 1598 [0]
745 1230 [0]
1295 129 [0]
1089 1361 [0]
981 976 [0]
1242 1244 [0]
1299 1586 [0]
275 1148 [0]
725 618 [0]
705 185 [0]
144 1143 [0]
562 1049 [0]
812 356 [0]
1497 1461 [0]
158 655 [0]
27 600 [0]
678 21 [0]
1222 81 [0]
1553 1345 [0]
1248 558 [0]
780 835 [0]
322 1440 [0]
1249 1455 [0]
1576 181 [0]
193 1218 [0]
765 1430 [0]
42 1291 [0]
852 594 [0]
505 357 [0]
1506 65 [0]
545 1072 [0]
741 1133 [0]
1480 421 [0]
1442 1231 [0]
1351 1234 [0]
913 971 [0]
21 33 [0]
971 164 [0]
1111 998 [0]
452 49 [0]
1257 1489 [0]
1129 284 [0]
1105 993 [0]
966 976 [0]
1195 1093 [0]
1019 1149 [0]
1378 601 [0]
1266 1084 [0]
919 1166 [0]
1036 922 [0]
367 749 [0]
278 483 [0]
113 278 [0]
1508 791 [0]
800 333 [0]
781 1451 [0]
92 1103 [0]
273 483 [0]
829 1318 [0]
97 1317 [0]
1220 166 [0]
707 493 [0]
1541 828 [0]
907 1179 [0]
239 1392 [0]
182 1164 [0]
239 1416 [0]
1478 858 [0]
628 899 [0]
1197 1460 [0]
1334 1136 [0]
480 1514 [0]
75 787 [0]
359 80 [0]
1327 274 [0]
227 7 [0]
844 196 [0]
405 600 [0]
1106 677 [0]
227 438 [0]
573 1454 [0]
1577 1063 [0]
1358 514 [0]
30 502 [0]
1162 1137 [0]
1308 669 [0]
600 1026 [0]
578 1184 [0]
1481 1185 [0]
613 643 [0]
1406 641 [0]
679 359 [0]
555 1215 [0]
515 171 [0]
1341 250 [0]
1493 551 [0]
1003 978 [0]
1354 5 [0]
758 72 [0]
1018 791 [0]
592 141 [0]
713 1477 [0]
592 1584 [0]
327 1165 [0]
1553 1000 [0]
857 1204 [0]
71 1254 [0]
1078 162 [0]
70 537 [0]
462 1015 [0]
887 37 [0]
1479 1173 [0]
1111 1007 [0]
883 766 [0]
897 1392 [0]
148 1162 [0]
865 1099 [0]
352 308 [0]
1203 862 [0]
0 516 [0]
854 471 [0]
259 655 [0]
140 35 [0]
189 302 [0]
820 916 [0]
1292 1296 [0]
1463 36 [0]
1549 952 [0]
325 759 [0]
734 1216 [0]
1155 617 [0]
696 270 [0]
564 1135 [0]
811 287 [0]
942 1442 [0]
1271 60 [0]
243 194 [0]
926 239 [0]
653 486 [0]
1506 198 [0]
676 1593 [0]
1117 1469 [0]
768 7 [0]
685 833 [0]
1567 1070 [0]
921 307 [0]
169 862 [0]
1168 1409 [0]
689 1559 [0]
1263 1225 [0]
481 332 [0]
74 592 [0]
1119 1388 [0]
938 2 [0]
466 642 [0]
498 733 [0]
480 1123 [0]
1426 1223 [0]
197 1584 [0]
849 242 [0]
533 276 [0]
53 1524 [0]
435 335 [0]
198 472 [0]
325 1593 [0]
260 1410 [0]
259 187 [0]
854 179 [0]
66 333 [0]
207 867 [0]
92 1026 [0]
1590 352 [0]
1182 579 [0]
104 1224 [0]
619 750 [0]
245 61 [0]
1282 653 [0]
919 780 [0]
1378 654 [0]
1578 413 [0]
771 904 [0]
1299 291 [0]
1483 145 [0]
613 1378 [0]
1460 232 [0]
937 1049 [0]
1341 767 [0]
474 1350 [0]
1408 1076 [0]
711 345 [0]
444 1320 [0]
630 131 [0]
97 562 [0]
891 879 [0]
1135 673 [0]
298 1531 [0]
1108 1157 [0]
1446 1075 [0]
291 39 [0]
79 241 [0]
977 1255 [0]
1454 857 [0]
236 1576 [0]
1536 729 [0]
621 1367 [0]
1330 1297 [0]
1531 399 [0]
599 464 [0]
954 390 [0]
1318 700 [0]
119 218 [0]
693 193 [0]
989 833 [0]
919 1350 [0]
1564 1449 [0]
1385 241 [0]
1080 360 [0]
1289 152 [0]
1017 109 [0]
28 1441 [0]
9 1387 [0]
1026 183 [0]
431 1491 [0]
241 1204 [0]
1299 1237 [0]
279 1447 [0]
948 1384 [0]
634 703 [0]
1119 957 [0]
560 217 [0]
551 763 [0]
1352 113 [0]
709 1499 [0]
305 169 [0]
645 1090 [0]
1161 1114 [0]
285 355 [0]
1018 45 [0]
1177 1173 [0]
1447 84 [0]
922 979 [0]
1162 325 [0]
576 966 [0]
927 929 [0]
984 661 [0]
1563 1227 [0]
674 87 [0]
1444 960 [0]
137 927 [0]
1453 1488 [0]
1000 192 [0]
1225 1337 [0]
460 1536 [0]
65 146 [0]
126 418 [0]
1128 561 [0]
1154 537 [0]
274 1249 [0]
403 1091 [0]
354 731 [0]
1224 514 [0]
603 1576 [0]
935 48 [0]
795 80 [0]
1081 6 [0]
496 1161 [0]
20 1571 [0]
1421 561 [0]
287 1378 [0]
631 151 [0]
1325 650 [0]
1467 1314 [0]
1213 1020 [0]
1423 379 [0]
580 681 [0]
1172 593 [0]
631 1029 [0]
1428 400 [0]
984 1247 [0]
512 1004 [0]
1041 1152 [0]
1523 149 [0]
778 1345 [0]
1060 815 [0]
59 1394 [0]
359 186 [0]
286 162 [0]
459 710 [0]
1109 629 [0]
1536 658 [0]
1257 304 [0]
1330 1578 [0]
839 938 [0]
622 142 [0]
798 1294 [0]
1253 125 [0]
1347 405 [0]
382 795 [0]
476 993 [0]
528 71 [0]
1245 1331 [0]
1077 1535 [0]
770 186 [0]
346 975 [0]
835 1350 [0]
1055 23 [0]
322 812 [0]
624 1355 [0]
205 1351 [0]
378 744 [0]
827 1381 [0]
1076 140 [0]
850 543 [0]
179 1034 [0]
577 378 [0]
1598 299 [0]
293 1457 [0]
1357 1547 [0]
418 1266 [0]
750 380 [0]
589 1079 [0]
232 547 [0]
798 102 [0]
58 1259 [0]
375 136 [0]
1065 537 [0]
1118 1086 [0]
999 846 [0]
606 1313 [0]
963 1423 [0]
52 1517 [0]
939 1566 [0]
1523 1130 [0]
344 945 [0]
844 479 [0]
684 135 [0]
43 915 [0]
264 1362 [0]
527 1280 [0]
359 1239 [0]
868 806 [0]
1239 1575 [0]
666 187 [0]
11 1413 [0]
954 1491 [0]
817 1148 [0]
665 876 [0]
1338 749 [0]
1501 929 [0]
848 1092 [0]
38 1201 [0]
308 944 [0]
338 418 [0]
1245 679 [0]
742 134 [0]
328 837 [0]
732 743 [0]
241 231 [0]
835 552 [0]
1013 1432 [0]
964 1117 [0]
1556 931 [0]
1331 453 [0]
542 780 [0]
1183 878 [0]
31 1256 [0]
1118 828 [0]
462 875 [0]
106 1094 [0]
813 1149 [0]
638 1584 [0]
233 1554 [0]
1272 386 [0]
722 1441 [0]
303 614 [0]
1168 1515 [0]
259 1124 [0]
498 381 [0]
136 1568 [0]
421 1110 [0]
881 720 [0]
1542 219 [0]
1276 672 [0]
1207 407 [0]
1219 1181 [0]
618 1121 [0]
329 943 [0]
1104 228 [0]
1344 2 [0]
228 1389 [0]
542 560 [0]
12 1008 [0]
798 128 [0]
1217 192 [0]
63 837 [0]
1485 1508 [0]
874 473 [0]
1116 929 [0]
681 629 [0]
1181 1030 [0]
475 678 [0]
1075 1137 [0]
396 1351 [0]
907 517 [0]
1410 1160 [0]
946 1410 [0]
807 119 [0]
1504 532 [0]
1350 649 [0]
1394 937 [0]
357 1160 [0]
238 1162 [0]
693 1523 [0]
1479 209 [0]
120 1018 [0]
202 444 [0]
919 511 [0]
623 703 [0]
146 654 [0]
1516 1136 [0]
1001 734 [0]
214 815 [0]
431 889 [0]
751 1022 [0]
813 1037 [0]
1280 1359 [0]
39 1338 [0]
1544 308 [0]
717 1592 [0]
1184 875 [0]
376 1040 [0]
604 771 [0]
538 928 [0]
523 964 [0]
510 36 [0]
1494 1257 [0]
1405 527 [0]
521 327 [0]
1029 953 [0]
138 651 [0]
1358 861 [0]
951 1197 [0]
1191 411 [0]
1523 763 [0]
92 1194 [0]
129 1221 [0]
3 965 [0]
1453 749 [0]
1446 1185 [0]
523 823 [0]
134 947 [0]
1327 543 [0]
983 882 [0]
469 1524 [0]
123 635 [0]
1570 1207 [0]
1011 422 [0]
1516 962 [0]
614 1535 [0]
1593 1268 [0]
333 639 [0]
274 101 [0]
1362 1002 [0]
1170 1108 [0]
370 1200 [0]
1185 523 [0]
245 120 [0]
129 1001 [0]
1448 719 [0]
1110 928 [0]
1132 357 [0]
1332 1148 [0]
1103 273 [0]
390 803 [0]
80 1491 [0]
1506 903 [0]
157 982 [0]
1306 1573 [0]
407 1353 [0]
1215 205 [0]
1245 191 [0]
440 1353 [0]
1150 38 [0]
267 563 [0]
543 312 [0]
879 692 [0]
939 352 [0]
1142 1055 [0]
480 900 [0]
494 1204 [0]
545 1291 [0]
290 1422 [0]
1242 535 [0]
699 956 [0]
572 68 [0]
994 998 [0]
220 1239 [0]
706 1326 [0]
689 1231 [0]
1584 91 [0]
1105 1469 [0]
519 870 [0]
1254 172 [0]
1 860 [0]
739 398 [0]
1538 455 [0]
112 600 [0]
919 793 [0]
520 264 [0]
223 1453 [0]
1175 212 [0]
1516 1164 [0]
607 447 [0]
924 1453 [0]
358 522 [0]
314 799 [0]
872 1511 [0]
234 1564 [0]
196 72 [0]
415 1496 [0]
679 926 [0]
725 1179 [0]
959 1289 [0]
1053 1363 [0]
1326 1276 [0]
673 849 [0]
1385 291 [0]
179 1390 [0]
130 1112 [0]
237 567 [0]
115 773 [0]
1210 1038 [0]
743 671 [0]
730 179 [0]
1457 760 [0]
953 79 [0]
786 893 [0]
1521 844 [0]
231 402 [0]
1220 1449 [0]
1411 891 [0]
1522 3 [0]
137 147 [0]
1490 654 [0]
705 177 [0]
49 1336 [0]
1379 704 [0]
815 758 [0]
565 109 [0]
592 638 [0]
1011 101 [0]
1100 348 [0]
582 212 [0]
715 801 [0]
310 954 [0]
369 964 [0]
763 1084 [0]
402 1356 [0]
1200 632 [0]
973 164 [0]
516 1309 [0]
698 882 [0]
882 178 [0]
1300 558 [0]
643 728 [0]
600 263 [0]
1095 1298 [0]
327 1199 [0]
234 963 [0]
1574 1288 [0]
594 1162 [0]
1421 1334 [0]
16 208 [0]
596 78 [0]
1483 995 [0]
390 368 [0]
48 913 [0]
118 865 [0]
435 584 [0]
584 1174 [0]
546 498 [0]
164 369 [0]
1153 472 [0]
626 22 [0]
602 234 [0]
96 135 [0]
1029 1306 [0]
1097 1430 [0]
965 293 [0]
1301 385 [0]
1157 280 [0]
446 753 [0]
59 644 [0]
1079 1588 [0]
574 203 [0]
47 1202 [0]
1529 497 [0]
713 1595 [0]
1528 191 [0]
87 1224 [0]
764 1549 [0]
410 1237 [0]
1011 611 [0]
1572 199 [0]
574 1202 [0]
971 1594 [0]
1336 811 [0]
341 241 [0]
1469 1082 [0]
1507 1058 [0]
882 1522 [0]
1231 1188 [0]
647 919 [0]
1270 786 [0]
927 1326 [0]
48 1199 [0]
1170 578 [0]
1111 1020 [0]
356 724 [0]
1279 909 [0]
63 316 [0]
1344 679 [0]
1228 1051 [0]
1057 1154 [0]
458 56 [0]
524 810 [0]
541 1 [0]
649 1169 [0]
1093 711 [0]
425 747 [0]
285 460 [0]
375 986 [0]
1166 505 [0]
1581 561 [0]
772 1273 [0]
754 647 [0]
1005 229 [0]
673 1203 [0]
1004 1420 [0]
203 554 [0]
1271 740 [0]
1187 1069 [0]
590 795 [0]
100 1250 [0]
9 403 [0]
326 939 [0]
1164 1103 [0]
1330 806 [0]
402 1253 [0]
1115 719 [0]
79 842 [0]
535 1034 [0]
1513 1574 [0]
276 1456 [0]
10 961 [0]
537 185 [0]
1220 577 [0]
1270 1509 [0]
1318 648 [0]
146 16 [0]
1012 1149 [0]
517 518 [0]
1579 554 [0]
471 568 [0]
1504 725 [0]
187 1039 [0]
1420 843 [0]
747 1308 [0]
1064 1457 [0]
1217 415 [0]
562 433 [0]
973 1091 [0]
856 343 [0]
1432 1229 [0]
45 131 [0]
1020 1186 [0]
179 829 [0]
227 1368 [0]
201 100 [0]
920 409 [0]
282 133 [0]
101 435 [0]
548 361 [0]
865 406 [0]
811 425 [0]
118 1380 [0]
148 648 [0]
455 110 [0]
1459 222 [0]
1299 160 [0]
680 1370 [0]
943 1503 [0]
782 1518 [0]
113 1446 [0]
524 1576 [0]
402 775 [0]
861 689 [0]
572 859 [0]
689 438 [0]
761 1015 [0]
1467 1280 [0]
1336 14 [0]
1408 1018 [0]
669 1399 [0]
712 273 [0]
80 663 [0]
14 114 [0]
1256 1139 [0]
781 1525 [0]
520 1093 [0]
1506 871 [0]
177 964 [0]
119 224 [0]
803 479 [0]
61 1184 [0]
454 511 [0]
842 852 [0]
506 884 [0]
1181 1476 [0]
834 40 [0]
1363 663 [0]
424 1216 [0]
819 507 [0]
804 193 [0]
853 1373 [0]
844 591 [0]
681 1343 [0]
525 1218 [0]
375 609 [0]
99 586 [0]
1565 502 [0]
278 30 [0]
265 417 [0]
200 1597 [0]
59 1252 [0]
1204 1524 [0]
1406 731 [0]
985 1325 [0]
837 318 [0]
1168 1076 [0]
771 148 [0]
1242 1539 [0]
1477 700 [0]
349 1303 [0]
159 292 [0]
750 1049 [0]
988 1244 [0]
513 371 [0]
548 268 [0]
460 1367 [0]
879 1165 [0]
55 1576 [0]
1265 613 [0]
1136 805 [0]
1474 204 [0]
1297 266 [0]
607 1333 [0]
1466 506 [0]
516 1576 [0]
1554 303 [0]
1594 1281 [0]
1369 937 [0]
150 1134 [0]
1479 93 [0]
692 1470 [0]
496 837 [0]
1538 1146 [0]
1233 604 [0]
28 804 [0]
289 481 [0]
792 647 [0]
834 471 [0]
428 1316 [0]
1387 462 [0]
1406 632 [0]
419 671 [0]
1442 710 [0]
1342 1156 [0]
773 904 [0]
1167 548 [0]
1372 410 [0]
954 203 [0]
470 926 [0]
1574 1097 [0]
470 1378 [0]
183 381 [0]
100 249 [0]
1478 67 [0]
160 370 [0]
75 938 [0]
765 536 [0]
671 1357 [0]
347 598 [0]
368 1555 [0]
900 659 [0]
107 721 [0]
763 891 [0]
830 1092 [0]
1215 1371 [0]
123 1384 [0]
1063 650 [0]
838 331 [0]
608 855 [0]
747 221 [0]
168 1438 [0]
1373 101 [0]
1386 648 [0]
257 787 [0]
1242 981 [0]
378 855 [0]
1070 1360 [0]
1025 534 [0]
273 27 [0]
1430 618 [0]
590 553 [0]
198 832 [0]
1441 723 [0]
1244 274 [0]
1443 470 [0]
133 515 [0]
679 15 [0]
529 14 [0]
942 1258 [0]
1469 691 [0]
1498 709 [0]
1140 605 [0]
759 1392 [0]
788 1090 [0]
198 1032 [0]
945 226 [0]
1094 191 [0]
833 219 [0]
698 1140 [0]
560 1547 [0]
1108 1032 [0]
972 1595 [0]
354 466 [0]
900 261 [0]
940 1424 [0]
1257 1478 [0]
152 1480 [0]
1349 365 [0]
260 1146 [0]
636 611 [0]
497 1527 [0]
612 15 [0]
28 1442 [0]
1397 1466 [0]
704 1355 [0]
614 667 [0]
1454 1576 [0]
1462 784 [0]
1329 411 [0]
560 594 [0]
772 1496 [0]
1054 1165 [0]
1063 197 [0]
90 570 [0]
321 1384 [0]
955 92 [0]
960 1146 [0]
338 1428 [0]
241 1297 [0]
350 755 [0]
1532 1279 [0]
689 1132 [0]
379 688 [0]
927 1114 [0]
969 869 [0]
1450 719 [0]
1152 893 [0]
975 1293 [0]
908 537 [0]
1195 1304 [0]
825 253 [0]
157 661 [0]
738 1308 [0]
71 631 [0]
1043 1065 [0]
6 1343 [0]
112 520 [0]
1581 448 [0]
69 728 [0]
403 1095 [0]
1297 603 [0]
703 1115 [0]
40 1299 [0]
837 234 [0]
1393 167 [0]
230 1221 [0]
1147 329 [0]
474 170 [0]
1010 165 [0]
654 411 [0]
759 1513 [0]
1494 618 [0]
767 537 [0]
965 87 [0]
1177 215 [0]
1196 730 [0]
586 1319 [0]
661 551 [0]
1168 367 [0]
777 512 [0]
663 764 [0]
601 568 [0]
1116 410 [0]
848 131 [0]
1200 1075 [0]
1297 532 [0]
484 1110 [0]
503 847 [0]
450 1213 [0]
756 533 [0]
44 281 [0]
967 382 [0]
828 296 [0]
78 39 [0]
1326 507 [0]
969 1415 [0]
323 503 [0]
428 237 [0]
386 897 [0]
1187 1262 [0]
832 1141 [0]
796 581 [0]
1396 409 [0]
527 643 [0]
787 186 [0]
8 705 [0]
206 535 [0]
159 697 [0]
0 790 [0]
215 393 [0]
342 272 [0]
901 547 [0]
496 1155 [0]
541 49 [0]
949 1506 [0]
1384 491 [0]
922 400 [0]
698 931 [0]
444 1233 [0]
1082 703 [0]
1319 1409 [0]
1257 297 [0]
1379 1423 [0]
464 867 [0]
1303 1263 [0]
1099 1509 [0]
264 179 [0]
1073 571 [0]
810 726 [0]
399 261 [0]
374 144 [0]
430 439 [0]
728 69 [0]
705 222 [0]
246 862 [0]
1585 1023 [0]
66 1425 [0]
1007 383 [0]
9 476 [0]
21 561 [0]
272 636 [0]
107 7 [0]
1196 621 [0]
1372 1538 [0]
1207 696 [0]
253 1588 [0]
1035 1005 [0]
826 498 [0]
950 1276 [0]
879 1153 [0]
221 660 [0]
1346 157 [0]
283 1527 [0]
1344 473 [0]
575 859 [0]
1420 1015 [0]
821 1501 [0]
897 451 [0]
1288 476 [0]
931 1517 [0]
1223 1259 [0]
1045 1400 [0]
1131 71 [0]
350 678 [0]
173 1479 [0]
428 894 [0]
1127 549 [0]
1089 345 [0]
1043 374 [0]
882 1194 [0]
6 1141 [0]
494 455 [0]
1268 700 [0]
1264 346 [0]
968 121 [0]
267 1373 [0]
947 719 [0]
857 493 [0]
347 1229 [0]
1157 1186 [0]
561 834 [0]
683 1565 [0]
1317 474 [0]
714 888 [0]
1488 210 [0]
784 381 [0]
350 861 [0]
1365 456 [0]
1401 1122 [0]
1228 878 [0]
70 392 [0]
23 992 [0]
156 1312 [0]
1209 1237 [0]
360 661 [0]
489 923 [0]
675 1418 [0]
1322 1561 [0]
127 1383 [0]
1463 645 [0]
110 289 [0]
1405 797 [0]
843 718 [0]
1124 27 [0]
1102 228 [0]
707 1459 [0]
1025 1173 [0]
692 504 [0]
1143 1090 [0]
1404 839 [0]
687 963 [0]
96 759 [0]
444 834 [0]
149 616 [0]
203 404 [0]
1160 1034 [0]
1100 475 [0]
42 1410 [0]
44 1032 [0]
217 539 [0]
707 1595 [0]
553 182 [0]
446 1153 [0]
1440 968 [0]
1590 912 [0]
316 540 [0]
0 1222 [0]
1266 436 [0]
327 859 [0]
612 1247 [0]
692 1178 [0]
812 109 [0]
978 1136 [0]
118 225 [0]
613 1391 [0]
58 546 [0]
166 759 [0]
993 1257 [0]
104 1095 [0]
455 88 [0]
1482 670 [0]
949 1208 [0]
1350 1278 [0]
1590 568 [0]
1532 1362 [0]
845 826 [0]
1353 626 [0]
1485 192 [0]
836 1268 [0]
1492 95 [0]
383 843 [0]
913 874 [0]
379 174 [0]
1352 606 [0]
765 504 [0]
610 439 [0]
1212 46 [0]
124 400 [0]
1488 89 [0]
1393 31 [0]
1407 403 [0]
210 197 [0]
609 11 [0]
151 976 [0]
102 1397 [0]
323 383 [0]
274 456 [0]
1362 799 [0]
1540 80 [0]
1042 843 [0]
1087 385 [0]
812 267 [0]
153 1304 [0]
758 716 [0]
1302 422 [0]
572 968 [0]
1372 839 [0]
502 1037 [0]
1193 36 [0]
1067 828 [0]
260 466 [0]
1576 1356 [0]
581 510 [0]
127 295 [0]
550 1003 [0]
688 1170 [0]
857 729 [0]
642 1528 [0]
196 1021 [0]
1261 1322 [0]
671 1152 [0]
211 379 [0]
138 38 [0]
972 1103 [0]
1362 959 [0]
926 568 [0]
1274 585 [0]
1010 241 [0]
1325 297 [0]
701 193 [0]
1575 567 [0]
146 1506 [0]
1197 216 [0]
822 1565 [0]
32 594 [0]
1299 938 [0]
1543 174 [0]
304 951 [0]
1494 867 [0]
337 399 [0]
687 131 [0]
1306 1255 [0]
1215 1024 [0]
877 139 [0]
228 244 [0]
902 1071 [0]
1186 1477 [0]
1025 107 [0]
987 1044 [0]
802 492 [0]
285 123 [0]
500 843 [0]
1301 1569 [0]
887 823 [0]
1495 740 [0]
1429 761 [0]
205 1350 [0]
603 966 [0]
870 461 [0]
126 1040 [0]
253 1415 [0]
43 934 [0]
1316 1008 [0]
1036 977 [0]
157 650 [0]
1382 606 [0]
186 1461 [0]
152 125 [0]
1276 1420 [0]
1286 1463 [0]
1313 541 [0]
621 385 [0]
1370 1566 [0]
1470 189 [0]
315 46 [0]
162 847 [0]
1029 1464 [0]
1252 458 [0]
772 1034 [0]
175 1165 [0]
465 579 [0]
1020 777 [0]
49 62 [0]
192 85 [0]
333 1034 [0]
1113 869 [0]
1202 195 [0]
143 1413 [0]
1356 878 [0]
1211 822 [0]
162 1238 [0]
10 116 [0]
911 308 [0]
1114 939 [0]
826 934 [0]
712 212 [0]
1469 1277 [0]
164 943 [0]
399 500 [0]
292 957 [0]
523 1562 [0]
826 363 [0]
1459 1439 [0]
1166 1136 [0]
5 1322 [0]
387 646 [0]
567 587 [0]
1242 290 [0]
340 337 [0]
390 978 [0]
587 304 [0]
455 223 [0]
1455 281 [0]
1200 1304 [0]
1077 296 [0]
1254 808 [0]
886 215 [0]
89 301 [0]
50 444 [0]
364 234 [0]
177 1167 [0]
247 510 [0]
599 657 [0]
1319 1105 [0]
795 1335 [0]
239 1260 [0]
442 1454 [0]
1098 1585 [0]
29 1529 [0]
541 1024 [0]
1325 1422 [0]
1538 308 [0]
478 579 [0]
477 1545 [0]
649 1131 [0]
274 1204 [0]
1171 307 [0]
1400 569 [0]
1332 1453 [0]
1132 259 [0]
626 126 [0]
768 953 [0]
680 111 [0]
690 1295 [0]
1067 227 [0]
194 749 [0]
1327 17 [0]
516 365 [0]
176 1389 [0]
750 514 [0]
155 1411 [0]
485 551 [0]
480 1014 [0]
751 1441 [0]
991 1059 [0]
1321 781 [0]
1247 867 [0]
1594 229 [0]
668 845 [0]
286 47 [0]
763 1181 [0]
686 1259 [0]
149 765 [0]
322 800 [0]
1430 1063 [0]
1197 981 [0]
692 1540 [0]
813 653 [0]
673 1594 [0]
1427 1276 [0]
1199 719 [0]
1541 1576 [0]
1434 1226 [0]
684 1050 [0]
137 1122 [0]
1121 218 [0]
1549 1174 [0]
900 1075 [0]
665 630 [0]
1497 453 [0]
319 429 [0]
1318 1197 [0]
175 1548 [0]
315 442 [0]
202 470 [0]
890 1261 [0]
716 1286 [0]
607 1512 [0]
1474 1137 [0]
135 87 [0]
1365 1593 [0]
1057 1204 [0]
1288 531 [0]
1063 341 [0]
566 69 [0]
1579 1284 [0]
1297 1415 [0]
164 658 [0]
1369 1322 [0]
569 1016 [0]
1002 228 [0]
698 305 [0]
395 782 [0]
409 1505 [0]
1235 318 [0]
1294 534 [0]
1117 1064 [0]
357 281 [0]
428 1080 [0]
1046 68 [0]
1484 624 [0]
300 975 [0]
925 1545 [0]
21 335 [0]
111 248 [0]
850 1140 [0]
422 525 [0]
1275 1267 [0]
104 215 [0]
287 1036 [0]
609 1384 [0]
548 51 [0]
1393 995 [0]
16 587 [0]
1471 684 [0]
629 704 [0]
1122 477 [0]
372 1578 [0]
1538 1255 [0]
751 848 [0]
846 872 [0]
734 1008 [0]
454 1596 [0]
1411 827 [0]
400 211 [0]
1293 523 [0]
1574 1185 [0]
1194 605 [0]
1425 70 [0]
1288 856 [0]
978 600 [0]
1249 1247 [0]
1534 921 [0]
380 151 [0]
1230 1051 [0]
154 1464 [0]
505 219 [0]
1536 417 [0]
721 820 [0]
412 322 [0]
164 953 [0]
650 1384 [0]
211 722 [0]
1558 68 [0]
331 292 [0]
1464 215 [0]
849 97 [0]
423 1571 [0]
258 970 [0]
1566 451 [0]
656 1471 [0]
1118 412 [0]
1196 503 [0]
1507 725 [0]
1338 203 [0]
1155 525 [0]
1137 987 [0]
913 606 [0]
321 15 [0]
888 192 [0]
126 454 [0]
1256 970 [0]
1527 807 [0]
782 237 [0]
510 287 [0]
35 565 [0]
1597 224 [0]
835 396 [0]
786 1394 [0]
136 717 [0]
264 1558 [0]
202 121 [0]
477 621 [0]
1411 1531 [0]
902 1583 [0]
171 1046 [0]
1079 987 [0]
1184 1117 [0]
753 393 [0]
1225 147 [0]
997 1078 [0]
1363 104 [0]
1365 1064 [0]
209 1185 [0]
848 821 [0]
770 1532 [0]
861 848 [0]
695 923 [0]
869 1078 [0]
105 763 [0]
802 558 [0]
619 1547 [0]
27 868 [0]
718 123 [0]
137 970 [0]
660 71 [0]
902 1397 [0]
1441 634 [0]
72 348 [0]
749 896 [0]
1380 1554 [0]
555 737 [0]
1512 889 [0]
1301 1112 [0]
1051 1279 [0]
1183 1482 [0]
1322 842 [0]
196 853 [0]
898 1566 [0]
241 681 [0]
1556 273 [0]
1130 337 [0]
1562 607 [0]
1186 1136 [0]
3 1186 [0]
1490 806 [0]
66 1121 [0]
1231 483 [0]
328 308 [0]
1205 1151 [0]
568 1271 [0]
906 1020 [0]
1531 547 [0]
420 1431 [0]
940 257 [0]
854 1299 [0]
564 1230 [0]
1174 252 [0]
1492 230 [0]
1219 137 [0]
356 202 [0]
336 1454 [0]
1050 321 [0]
331 1267 [0]
390 305 [0]
59 607 [0]
10 1523 [0]
1306 185 [0]
735 266 [0]
880 1388 [0]
961 729 [0]
38 175 [0]
57 1479 [0]
846 688 [0]
602 1264 [0]
1030 139 [0]
703 1182 [0]
713 1468 [0]
1367 1291 [0]
664 303 [0]
935 905 [0]
1219 356 [0]
197 626 [0]
752 1234 [0]
1240 1106 [0]
478 251 [0]
528 1551 [0]
1101 1012 [0]
1390 747 [0]
1078 1052 [0]
293 643 [0]
818 1432 [0]
590 411 [0]
1208 984 [0]
252 1080 [0]
70 118 [0]
792 744 [0]
1531 744 [0]
790 515 [0]
1177 65 [0]
256 1036 [0]
279 12 [0]
658 418 [0]
327 67 [0]
1030 178 [0]
1486 18 [0]
785 1195 [0]
149 303 [0]
734 444 [0]
407 255 [0]
188 1152 [0]
1239 1301 [0]
1255 876 [0]
50 1476 [0]
1471 1204 [0]
1415 220 [0]
919 67 [0]
551 248 [0]
979 582 [0]
1511 203 [0]
410 373 [0]
546 620 [0]
669 362 [0]
530 428 [0]
1247 1374 [0]
1095 1122 [0]
1429 678 [0]
94 892 [0]
398 417 [0]
1378 358 [0]
301 1336 [0]
1141 230 [0]
73 1253 [0]
653 234 [0]
671 1434 [0]
878 700 [0]
250 1262 [0]
54 523 [0]
12 380 [0]
136 128 [0]
889 347 [0]
148 1062 [0]
733 1189 [0]
982 1567 [0]
1331 1159 [0]
909 356 [0]
929 93 [0]
1484 740 [0]
426 562 [0]
1571 724 [0]
978 665 [0]
1346 931 [0]
596 776 [0]
688 389 [0]
1449 622 [0]
1133 488 [0]
1424 1293 [0]
993 391 [0]
1329 399 [0]
283 938 [0]
408 52 [0]
327 134 [0]
1086 1590 [0]
1392 368 [0]
1104 613 [0]
1235 15 [0]
1530 566 [0]
18 507 [0]
1124 1540 [0]
1251 505 [0]
133 1414 [0]
434 709 [0]
892 1179 [0]
1076 576 [0]
1046 769 [0]
391 420 [0]
839 1046 [0]
1248 1188 [0]
530 670 [0]
824 1043 [0]
1195 886 [0]
1056 18 [0]
1348 1035 [0]
995 1519 [0]
1163 1419 [0]
1500 55 [0]
149 847 [0]
907 516 [0]
106 1229 [0]
963 869 [0]
990 132 [0]
968 44 [0]
1237 898 [0]
848 976 [0]
1241 864 [0]
802 1480 [0]
1142 33 [0]
1424 232 [0]
271 55 [0]
226 1217 [0]
384 1380 [0]
1103 1471 [0]
305 370 [0]
619 822 [0]
1168 113 [0]
992 988 [0]
699 1521 [0]
1074 203 [0]
1517 980 [0]
775 284 [0]
47 150 [0]
1019 334 [0]
127 1103 [0]
1500 819 [0]
1465 1270 [0]
106 1030 [0]
1342 257 [0]
970 1142 [0]
608 768 [0]
783 1110 [0]
1045 1453 [0]
1509 457 [0]
443 323 [0]
1364 966 [0]
454 696 [0]
328 99 [0]
36 866 [0]
1095 667 [0]
1119 1278 [0]
1565 451 [0]
383 1573 [0]
79 1092 [0]
82 23 [0]
1599 858 [0]
367 45 [0]
780 1274 [0]
867 138 [0]
882 1242 [0]
1099 898 [0]
1444 870 [0]
925 1222 [0]
455 177 [0]
1075 882 [0]
1500 932 [0]
1181 969 [0]
261 47 [0]
1303 33 [0]
1256 1099 [0]
1042 1220 [0]
1235 57 [0]
459 342 [0]
1154 149 [0]
1511 673 [0]
1332 54 [0]
1394 1539 [0]
34 1351 [0]
399 685 [0]
1360 1098 [0]
886 683 [0]
635 3 [0]
141 715 [0]
468 668 [0]
869 1594 [0]
271 633 [0]
241 775 [0]
1223 152 [0]
1273 117 [0]
94 1199 [0]
842 1092 [0]
479 235 [0]
1424 846 [0]
271 184 [0]
1139 803 [0]
1150 988 [0]
330 84 [0]
1352 1021 [0]
1572 551 [0]
1006 1474 [0]
1386 1487 [0]
1364 744 [0]
1020 1003 [0]
916 1108 [0]
924 1221 [0]
128 1390 [0]
1006 376 [0]
1173 662 [0]
1441 1194 [0]
1257 732 [0]
423 865 [0]
215 1341 [0]
1215 1338 [0]
132 1205 [0]
640 106 [0]
961 1102 [0]
693 370 [0]
736 415 [0]
1116 1397 [0]
266 1192 [0]
840 1233 [0]
1072 521 [0]
805 1110 [0]
1565 1579 [0]
592 432 [0]
1366 1026 [0]
650 757 [0]
1550 1051 [0]
377 337 [0]
1025 1270 [0]
944 269 [0]
419 285 [0]
1124 1422 [0]
26 60 [0]
684 547 [0]
189 1482 [0]
382 1510 [0]
1329 1202 [0]
405 273 [0]
754 1150 [0]
1462 926 [0]
1058 1271 [0]
543 49 [0]
595 818 [0]
403 1315 [0]
1236 72 [0]
1412 658 [0]
979 808 [0]
856 717 [0]
1263 1486 [0]
1592 1403 [0]
1283 1394 [0]
439 938 [0]
132 184 [0]
30 461 [0]
1280 489 [0]
542 791 [0]
217 476 [0]
217 1290 [0]
837 56 [0]
548 1084 [0]
557 487 [0]
449 1456 [0]
1458 479 [0]
119 547 [0]
277 966 [0]
132 158 [0]
119 1356 [0]
864 851 [0]
1353 877 [0]
1041 1465 [0]
510 335 [0]
993 892 [0]
861 11 [0]
1051 327 [0]
1557 382 [0]
158 1086 [0]
80 205 [0]
1245 586 [0]
356 289 [0]
186 837 [0]
1111 1136 [0]
569 1257 [0]
1542 346 [0]
1269 1048 [0]
1032 1575 [0]
1202 455 [0]
1580 598 [0]
734 463 [0]
37 178 [0]
366 222 [0]
1065 450 [0]
346 715 [0]
982 684 [0]
819 1344 [0]
843 201 [0]
366 1288 [0]
1316 233 [0]
232 701 [0]
1567 11 [0]
1250 348 [0]
825 446 [0]
1208 1007 [0]
1241 493 [0]
134 1436 [0]
222 1397 [0]
1326 1354 [0]
161 1485 [0]
273 1276 [0]
68 974 [0]
483 278 [0]
625 1399 [0]
753 468 [0]
485 703 [0]
541 962 [0]
536 1281 [0]
1163 941 [0]
177 677 [0]
672 1312 [0]
101 1588 [0]
175 1575 [0]
1481 120 [0]
564 511 [0]
1237 707 [0]
1291 835 [0]
1404 1095 [0]
936 1103 [0]
1282 1555 [0]
555 309 [0]
523 1547 [0]
1221 924 [0]
952 123 [0]
531 1145 [0]
861 985 [0]
1222 1344 [0]
953 766 [0]
391 1401 [0]
960 847 [0]
73 74 [0]
66 750 [0]
84 944 [0]
1497 113 [0]
1432 400 [0]
890 1549 [0]
900 486 [0]
785 1360 [0]
233 1598 [0]
386 586 [0]
1302 983 [0]
1458 420 [0]
722 1384 [0]
361 717 [0]
1028 1459 [0]
4 241 [0]
8 1062 [0]
579 1430 [0]
147 461 [0]
371 860 [0]
1454 1529 [0]
1137 731 [0]
553 505 [0]
715 537 [0]
1371 883 [0]
572 1526 [0]
216 908 [0]
1450 1461 [0]
828 936 [0]
385 820 [0]
1432 549 [0]
633 654 [0]
857 1031 [0]
1082 565 [0]
1486 1252 [0]
0 824 [0]
1464 343 [0]
633 846 [0]
666 521 [0]
33 907 [0]
667 1208 [0]
525 173 [0]
1510 333 [0]
534 1155 [0]
1067 559 [0]
698 1222 [0]
1280 1384 [0]
157 89 [0]
1559 441 [0]
577 170 [0]
1424 223 [0]
1483 697 [0]
107 397 [0]
1568 836 [0]
285 1498 [0]
390 203 [0]
334 172 [0]
423 1336 [0]
1551 1069 [0]
658 249 [0]
1488 861 [0]
691 632 [0]
1356 999 [0]
782 1438 [0]
1113 113 [0]
72 1541 [0]
165 204 [0]
6 577 [0]
578 663 [0]
478 1013 [0]
1135 1219 [0]
1470 1125 [0]
1117 748 [0]
1296 758 [0]
87 274 [0]
459 518 [0]
1195 258 [0]
986 1135 [0]
185 429 [0]
1581 544 [0]
883 453 [0]
600 1150 [0]
183 7 [0]
1345 1261 [0]
98 1047 [0]
756 208 [0]
652 135 [0]
1477 183 [0]
1151 346 [0]
1592 1024 [0]
128 997 [0]
667 857 [0]
454 238 [0]
1363 359 [0]
685 567 [0]
430 724 [0]
762 1410 [0]
60 99 [0]
246 143 [0]
849 558 [0]
674 671 [0]
1381 1024 [0]
580 52 [0]
627 694 [0]
1403 1070 [0]
335 700 [0]
280 802 [0]
1094 121 [0]
1462 478 [0]
370 1170 [0]
1166 45 [0]
1471 834 [0]
183 220 [0]
982 758 [0]
1530 1396 [0]
980 1249 [0]
1189 224 [0]
941 578 [0]
750 207 [0]
543 499 [0]
696 537 [0]
1574 333 [0]
1399 831 [0]
1341 115 [0]
903 1217 [0]
1233 1115 [0]
83 261 [0]
901 1428 [0]
195 1549 [0]
899 649 [0]
332 925 [0]
815 113 [0]
995 1307 [0]
175 408 [0]
28 314 [0]
1341 891 [0]
380 926 [0]
1176 1400 [0]
227 803 [0]
1106 1063 [0]
653 943 [0]
50 327 [0]
467 919 [0]
1547 710 [0]
239 495 [0]
1270 949 [0]
984 943 [0]
294 478 [0]
373 148 [0]
269 1574 [0]
1249 1456 [0]
27 456 [0]
181 763 [0]
1358 953 [0]
1122 512 [0]
518 1066 [0]
376 745 [0]
599 1472 [0]
1058 1320 [0]
1571 1380 [0]
852 672 [0]
1591 485 [0]
313 899 [0]
1508 1516 [0]
76 95 [0]
645 940 [0]
223 328 [0]
59 799 [0]
388 1546 [0]
907 1524 [0]
1323 63 [0]
402 831 [0]
313 1052 [0]
379 1469 [0]
886 1300 [0]
698 1276 [0]
1540 1459 [0]
1007 1294 [0]
501 600 [0]
1077 1347 [0]
83 547 [0]
950 868 [0]
1527 1078 [0]
702 1572 [0]
734 1537 [0]
125 1577 [0]
618 36 [0]
1215 103 [0]
335 187 [0]
300 1536 [0]
1209 629 [0]
744 247 [0]
135 940 [0]
272 433 [0]
696 92 [0]
1264 1185 [0]
1465 699 [0]
1380 633 [0]
347 1397 [0]
1435 1088 [0]
288 1490 [0]
172 649 [0]
314 255 [0]
177 16 [0]
336 1393 [0]
1253 1141 [0]
472 1469 [0]
500 981 [0]
104 552 [0]
1260 523 [0]
1570 982 [0]
952 160 [0]
605 1345 [0]
998 971 [0]
142 1535 [0]
1473 1092 [0]
1526 351 [0]
796 176 [0]
576 817 [0]
940 188 [0]
555 957 [0]
898 1184 [0]
1498 197 [0]
1346 395 [0]
1283 1443 [0]
1531 699 [0]
501 287 [0]
1573 1109 [0]
57 319 [0]
700 539 [0]
1569 1266 [0]
951 1119 [0]
222 412 [0]
325 527 [0]
528 18 [0]
698 878 [0]
201 212 [0]
1137 1348 [0]
1553 879 [0]
1313 401 [0]
1045 430 [0]
503 1429 [0]
472 801 [0]
836 676 [0]
916 1562 [0]
1293 536 [0]
496 1446 [0]
1418 417 [0]
1559 931 [0]
901 476 [0]
452 507 [0]
31 788 [0]
370 803 [0]
1019 1362 [0]
707 1250 [0]
1346 1210 [0]
1377 1525 [0]
429 1109 [0]
56 1009 [0]
1361 1299 [0]
542 185 [0]
1094 990 [0]
387 129 [0]
583 474 [0]
278 517 [0]
183 251 [0]
52 868 [0]
4 1563 [0]
1213 906 [0]
532 652 [0]
507 650 [0]
120 1506 [0]
767 1021 [0]
854 389 [0]
792 77 [0]
864 1022 [0]
975 321 [0]
1049 485 [0]
1117 1474 [0]
282 1528 [0]
1330 757 [0]
832 1244 [0]
30 262 [0]
868 900 [0]
712 85 [0]
7 1484 [0]
277 256 [0]
1448 1250 [0]
78 1379 [0]
1452 74 [0]
924 940 [0]
1413 74 [0]
709 274 [0]
630 1285 [0]
1312 5 [0]
518 71 [0]
930 430 [0]
449 754 [0]
363 1432 [0]
1366 477 [0]
602 665 [0]
809 1391 [0]
1356 876 [0]
1370 1503 [0]
80 1000 [0]
1187 951 [0]
1103 643 [0]
1491 976 [0]
751 1414 [0]
938 1332 [0]
145 22 [0]
196 734 [0]
1132 213 [0]
643 1598 [0]
1238 1368 [0]
956 1215 [0]
841 1211 [0]
452 1021 [0]
1272 1322 [0]
382 783 [0]
1524 1073 [0]
86 1261 [0]
1558 177 [0]
1325 339 [0]
879 87 [0]
671 748 [0]
674 1016 [0]
1110 1419 [0]
1448 477 [0]
959 1367 [0]
1529 569 [0]
1356 718 [0]
772 1444 [0]
1588 561 [0]
1059 945 [0]
890 46 [0]
610 1578 [0]
1336 362 [0]
339 938 [0]
384 1349 [0]
956 890 [0]
991 1337 [0]
554 1059 [0]
198 917 [0]
636 512 [0]
1140 1511 [0]
236 383 [0]
1576 972 [0]
979 567 [0]
108 953 [0]
1531 1194 [0]
688 667 [0]
995 794 [0]
944 1032 [0]
1041 99 [0]
717 1187 [0]
709 997 [0]
887 883 [0]
285 131 [0]
872 731 [0]
356 1168 [0]
1484 164 [0]
562 710 [0]
1527 1256 [0]
480 1246 [0]
1398 1562 [0]
499 345 [0]
497 925 [0]
561 748 [0]
642 1451 [0]
1573 351 [0]
411 530 [0]
240 610 [0]
1368 264 [0]
45 1070 [0]
1301 1494 [0]
32 1119 [0]
1397 1465 [0]
1528 1106 [0]
947 591 [0]
1508 236 [0]
1552 908 [0]
674 94 [0]
541 791 [0]
1215 940 [0]
1540 1074 [0]
1358 1191 [0]
1252 93 [0]
1380 1017 [0]
291 263 [0]
1293 717 [0]
215 0 [0]
94 1562 [0]
1114 683 [0]
1013 1496 [0]
1164 952 [0]
1324 606 [0]
655 183 [0]
556 413 [0]
389 890 [0]
1087 1318 [0]
241 216 [0]
1498 49 [0]
324 1513 [0]
1548 914 [0]
1540 118 [0]
171 156 [0]
577 739 [0]
875 142 [0]
1077 689 [0]
37 1514 [0]
1254 214 [0]
660 310 [0]
580 689 [0]
1114 978 [0]
1317 406 [0]
68 164 [0]
534 863 [0]
140 271 [0]
1479 466 [0]
1296 1230 [0]
337 1376 [0]
1133 6 [0]
1107 1173 [0]
1403 1302 [0]
192 664 [0]
1036 124 [0]
609 1537 [0]
606 665 [0]
1223 1379 [0]
891 149 [0]
1123 1254 [0]
121 938 [0]
501 633 [0]
151 821 [0]
1323 598 [0]
660 1433 [0]
885 1189 [0]
1015 486 [0]
810 683 [0]
1103 1320 [0]
886 313 [0]
1471 274 [0]
795 1419 [0]
1152 1360 [0]
1181 1131 [0]
1434 1532 [0]
551 164 [0]
1383 802 [0]
1537 1111 [0]
312 1456 [0]
1247 1503 [0]
190 901 [0]
607 1302 [0]
1130 439 [0]
1173 1314 [0]
111 106 [0]
579 1095 [0]
1329 539 [0]
1069 668 [0]
582 347 [0]
9 598 [0]
1444 1030 [0]
672 1054 [0]
1358 290 [0]
812 809 [0]
318 427 [0]
456 196 [0]
317 297 [0]
237 503 [0]
856 673 [0]
1188 417 [0]
1410 223 [0]
1389 35 [0]
1459 788 [0]
339 485 [0]
375 416 [0]
630 233 [0]
632 134 [0]
126 1102 [0]
76 1061 [0]
1358 254 [0]
705 671 [0]
89 170 [0]
1253 305 [0]
968 1571 [0]
1147 1547 [0]
709 147 [0]
18 613 [0]
349 1334 [0]
500 1146 [0]
754 1135 [0]
1193 882 [0]
789 785 [0]
243 346 [0]
816 189 [0]
791 1220 [0]
342 763 [0]
1411 1524 [0]
540 1119 [0]
1217 460 [0]
692 1128 [0]
473 1333 [0]
920 1518 [0]
202 1412 [0]
26 246 [0]
1382 1127 [0]
192 691 [0]
145 364 [0]
1557 844 [0]
66 1282 [0]
943 950 [0]
1457 492 [0]
86 1585 [0]
1347 257 [0]
669 476 [0]
1578 1242 [0]
1503 1258 [0]
1529 644 [0]
473 656 [0]
575 1048 [0]
338 492 [0]
1016 1416 [0]
591 680 [0]
196 585 [0]
153 1551 [0]
895 273 [0]
527 468 [0]
20 1456 [0]
1329 379 [0]
640 743 [0]
1135 541 [0]
1012 1442 [0]
1220 477 [0]
1268 307 [0]
158 296 [0]
569 1497 [0]
1206 494 [0]
1087 381 [0]
130 530 [0]
1350 525 [0]
758 600 [0]
249 34 [0]
1007 1493 [0]
340 450 [0]
812 766 [0]
344 282 [0]
1147 499 [0]
1455 716 [0]
713 276 [0]
380 1567 [0]
1271 660 [0]
11 417 [0]
953 631 [0]
1247 243 [0]
867 649 [0]
1017 238 [0]
419 635 [0]
1456 490 [0]
1042 975 [0]
1204 1035 [0]
939 996 [0]
375 841 [0]
1032 1235 [0]
455 631 [0]
542 805 [0]
328 268 [0]
1459 582 [0]
1421 1258 [0]
886 567 [0]
818 188 [0]
1087 128 [0]
1340 134 [0]
944 1339 [0]
262 186 [0]
852 1022 [0]
1099 474 [0]
1337 1080 [0]
72 904 [0]
1431 560 [0]
1280 947 [0]
1371 620 [0]
391 425 [0]
45 901 [0]
1309 1257 [0]
413 1281 [0]
1157 606 [0]
454 1260 [0]
1253 267 [0]
574 1438 [0]
629 574 [0]
393 205 [0]
1027 1595 [0]
704 1469 [0]
1486 566 [0]
185 960 [0]
519 1480 [0]
174 816 [0]
548 511 [0]
164 345 [0]
896 677 [0]
1064 146 [0]
1321 445 [0]
630 808 [0]
673 1018 [0]
1344 1327 [0]
879 38 [0]
295 1018 [0]
809 378 [0]
1459 979 [0]
1337 524 [0]
988 163 [0]
1177 861 [0]
1201 564 [0]
1392 522 [0]
1082 10 [0]
249 926 [0]
593 1194 [0]
1507 668 [0]
1279 746 [0]
479 1179 [0]
973 596 [0]
601 1426 [0]
743 1130 [0]
724 399 [0]
1273 1052 [0]
1251 1213 [0]
1444 887 [0]
866 1095 [0]
1240 793 [0]
988 467 [0]
784 759 [0]
484 992 [0]
229 168 [0]
1251 18 [0]
1500 796 [0]
473 425 [0]
1062 39 [0]
476 1350 [0]
885 955 [0]
52 431 [0]
669 988 [0]
738 412 [0]
424 439 [0]
161 155 [0]
154 1331 [0]
617 288 [0]
1119 10 [0]
1448 1598 [0]
1597 1225 [0]
422 218 [0]
1598 1001 [0]
1563 1583 [0]
1010 1363 [0]
238 1245 [0]
874 10 [0]
712 15 [0]
729 1120 [0]
1522 1462 [0]
92 944 [0]
147 774 [0]
1174 1498 [0]
870 1509 [0]
1356 1006 [0]
799 588 [0]
416 1554 [0]
99 764 [0]
1432 664 [0]
1298 510 [0]
661 568 [0]
464 998 [0]
710 1373 [0]
90 147 [0]
1484 1522 [0]
940 205 [0]
1105 950 [0]
1387 178 [0]
102 277 [0]
572 1052 [0]
1451 42 [0]
1240 1175 [0]
1375 34 [0]
1461 1289 [0]
550 228 [0]
74 735 [0]
1369 1133 [0]
861 164 [0]
517 1164 [0]
127 1314 [0]
38 42 [0]
174 223 [0]
705 1367 [0]
475 1002 [0]
644 333 [0]
998 1045 [0]
505 506 [0]
1317 907 [0]
616 878 [0]
1072 957 [0]
986 1096 [0]
389 270 [0]
538 44 [0]
1511 1531 [0]
132 1229 [0]
746 907 [0]
409 1286 [0]
1354 1445 [0]
1217 36 [0]
670 1192 [0]
323 830 [0]
1062 1323 [0]
418 950 [0]
1444 1302 [0]
1473 823 [0]
430 167 [0]
1413 759 [0]
923 68 [0]
1572 1499 [0]
56 346 [0]
1121 1290 [0]
908 1188 [0]
307 474 [0]
385 758 [0]
1041 34 [0]
1101 288 [0]
854 467 [0]
11 24 [0]
526 1426 [0]
845 1484 [0]
1297 576 [0]
894 1359 [0]
104 514 [0]
538 905 [0]
1222 1050 [0]
1071 913 [0]
1560 1239 [0]
1444 166 [0]
122 697 [0]
967 1453 [0]
1539 1026 [0]
1351 1397 [0]
650 57 [0]
1293 1112 [0]
1191 1290 [0]
534 226 [0]
1058 959 [0]
908 710 [0]
403 937 [0]
1140 1529 [0]
975 1513 [0]
413 1412 [0]
1500 615 [0]
465 98 [0]
1482 24 [0]
1103 907 [0]
648 789 [0]
151 651 [0]
60 93 [0]
137 781 [0]
1570 1329 [0]
2 624 [0]
669 547 [0]
1421 1216 [0]
134 644 [0]
1339 1291 [0]
100 888 [0]
126 603 [0]
1008 400 [0]
1427 33 [0]
524 1017 [0]
1095 229 [0]
386 528 [0]
76 582 [0]
631 342 [0]
622 1458 [0]
1301 1075 [0]
1321 1144 [0]
24 1274 [0]
142 333 [0]
1083 389 [0]
884 1217 [0]
1018 821 [0]
982 432 [0]
5 113 [0]
1349 1058 [0]
1471 1105 [0]
302 950 [0]
1466 947 [0]
906 1243 [0]
489 1570 [0]
1392 1284 [0]
131 804 [0]
1080 463 [0]
1440 1229 [0]
1112 1403 [0]
607 667 [0]
844 128 [0]
124 805 [0]
1258 558 [0]
1233 933 [0]
78 584 [0]
870 173 [0]
928 162 [0]
478 980 [0]
1015 503 [0]
1030 114 [0]
961 1049 [0]
662 141 [0]
1143 881 [0]
42 52 [0]
1470 428 [0]
632 703 [0]
1338 493 [0]
288 210 [0]
906 293 [0]
1242 1232 [0]
747 66 [0]
1433 291 [0]
591 1064 [0]
953 1036 [0]
253 1044 [0]
887 1269 [0]
651 22 [0]
1552 104 [0]
1284 1473 [0]
362 612 [0]
402 1286 [0]
600 55 [0]
1498 961 [0]
160 979 [0]
1436 1237 [0]
1033 452 [0]
835 1055 [0]
1314 244 [0]
1392 699 [0]
1392 1232 [0]
580 1362 [0]
1540 1551 [0]
917 1490 [0]
1472 435 [0]
383 1482 [0]
223 1385 [0]
188 221 [0]
1506 66 [0]
1212 715 [0]
22 1078 [0]
946 1067 [0]
1143 561 [0]
7 722 [0]
457 1115 [0]
775 11 [0]
1502 526 [0]
1417 1064 [0]
1169 571 [0]
1437 309 [0]
27 518 [0]
54 489 [0]
791 9 [0]
613 1070 [0]
171 603 [0]
181 655 [0]
1218 632 [0]
1258 732 [0]
741 568 [0]
696 1358 [0]
85 553 [0]
164 525 [0]
1436 1521 [0]
1478 727 [0]
1157 637 [0]
927 818 [0]
763 1308 [0]
831 1366 [0]
1529 207 [0]
1035 1308 [0]
1335 371 [0]
1359 1100 [0]
417 334 [0]
338 323 [0]
182 167 [0]
771 23 [0]
1031 655 [0]
250 1100 [0]
1580 517 [0]
1589 463 [0]
503 995 [0]
431 1419 [0]
254 1051 [0]
562 655 [0]
1108 720 [0]
314 964 [0]
1572 574 [0]
332 506 [0]
1117 323 [0]
306 426 [0]
1199 25 [0]
1104 776 [0]
398 290 [0]
51 961 [0]
995 337 [0]
78 1330 [0]
1012 1223 [0]
660 190 [0]
474 1389 [0]
287 1049 [0]
1466 1459 [0]
1296 1337 [0]
780 430 [0]
876 1422 [0]
1139 472 [0]
461 991 [0]
813 91 [0]
1044 911 [0]
976 520 [0]
819 798 [0]
1220 741 [0]
686 255 [0]
681 508 [0]
1175 1465 [0]
494 604 [0]
294 1588 [0]
764 167 [0]
737 1571 [0]
546 893 [0]
696 338 [0]
1020 409 [0]
406 152 [0]
1234 625 [0]
967 640 [0]
710 1587 [0]
312 1369 [0]
103 1044 [0]
680 450 [0]
1319 1047 [0]
469 891 [0]
1479 1276 [0]
820 702 [0]
1366 129 [0]
795 1452 [0]
1315 220 [0]
1429 1088 [0]
1126 379 [0]
738 1183 [0]
82 692 [0]
239 906 [0]
1264 1310 [0]
1438 58 [0]
989 420 [0]
20 1500 [0]
356 729 [0]
1268 657 [0]
167 219 [0]
369 77 [0]
1370 1118 [0]
1044 1082 [0]
1022 201 [0]
169 703 [0]
1486 203 [0]
775 1281 [0]
984 1529 [0]
201 658 [0]
1410 638 [0]
1345 621 [0]
1265 130 [0]
780 1574 [0]
882 40 [0]
1490 611 [0]
491 817 [0]
1473 860 [0]
464 887 [0]
1456 182 [0]
1523 485 [0]
687 116 [0]
1305 1098 [0]
1099 1305 [0]
470 1550 [0]
874 1313 [0]
619 765 [0]
438 365 [0]
469 936 [0]
430 776 [0]
235 1262 [0]
359 926 [0]
1228 848 [0]
392 1243 [0]
18 394 [0]
334 633 [0]
563 540 [0]
1439 1179 [0]
1482 50 [0]
1511 977 [0]
125 124 [0]
594 1474 [0]
1496 1238 [0]
1114 774 [0]
1324 1042 [0]
551 1027 [0]
1104 673 [0]
1083 171 [0]
1191 510 [0]
1096 647 [0]
389 1414 [0]
936 1377 [0]
651 878 [0]
788 685 [0]
713 1320 [0]
247 1092 [0]
295 821 [0]
1203 840 [0]
1475 851 [0]
1082 977 [0]
1424 377 [0]
1242 1150 [0]
445 542 [0]
330 772 [0]
1097 627 [0]
1417 216 [0]
1400 418 [0]
865 337 [0]
1390 510 [0]
661 631 [0]
1292 437 [0]
1145 708 [0]
1061 1363 [0]
1472 258 [0]
642 980 [0]
47 839 [0]
601 393 [0]
407 1339 [0]
1332 754 [0]
670 1247 [0]
260 626 [0]
642 866 [0]
686 452 [0]
1514 1260 [0]
175 860 [0]
502 237 [0]
977 254 [0]
689 65 [0]
395 531 [0]
379 1077 [0]
1111 1563 [0]
1327 505 [0]
779 972 [0]
268 362 [0]
95 0 [0]
535 810 [0]
452 138 [0]
1073 1264 [0]
743 124 [0]
1426 551 [0]
1299 795 [0]
136 444 [0]
1546 332 [0]
54 1411 [0]
637 205 [0]
47 720 [0]
1163 507 [0]
701 430 [0]
963 1120 [0]
1318 676 [0]
277 335 [0]
83 27 [0]
1475 545 [0]
1321 972 [0]
752 817 [0]
1407 616 [0]
769 739 [0]
732 1124 [0]
1351 122 [0]
1351 488 [0]
293 197 [0]
124 1168 [0]
610 196 [0]
390 273 [0]
1525 365 [0]
100 286 [0]
219 1017 [0]
609 494 [0]
1578 170 [0]
1305 1282 [0]
580 437 [0]
1280 1345 [0]
1277 1376 [0]
738 1250 [0]
1419 832 [0]
1026 640 [0]
247 917 [0]
970 1233 [0]
948 692 [0]
464 1510 [0]
1559 1478 [0]
1414 230 [0]
1291 1263 [0]
1006 992 [0]
405 819 [0]
747 255 [0]
939 1282 [0]
731 576 [0]
402 1097 [0]
1224 403 [0]
448 1283 [0]
1116 742 [0]
821 1025 [0]
1025 366 [0]
15 1274 [0]
119 636 [0]
69 573 [0]
496 1574 [0]
1283 1482 [0]
917 1286 [0]
53 901 [0]
1540 1124 [0]
1518 1519 [0]
695 816 [0]
805 1425 [0]
535 396 [0]
69 607 [0]
719 1553 [0]
357 325 [0]
1141 990 [0]
1338 581 [0]
529 1557 [0]
1049 1166 [0]
919 1479 [0]
1055 281 [0]
1387 530 [0]
225 1224 [0]
1442 753 [0]
1250 626 [0]
609 356 [0]
1085 424 [0]
1 1341 [0]
193 1572 [0]
356 287 [0]
